Random seed: 12345

COMPONENT 1
Central permutation
13 1 15 19 22 18 16 7 23 2 11 5 9 4 21 8 14 3 12 6 20 24 10 17
Weight
0.25
Pairwise count matrix
   0  250  250  250  250  250  250  250  250  250  250  250   26  250  220  250  250  250  246  250  250  250  250  250
   0    0  250  250  245  250    1  250  250  250  228  250    0  250    0    0  250    0    0  250  250    0   33  250
   0    0    0    0    0  248    0    1    0  250    0  226    0   22    0    0  250    0    0  250    0    0    0  250
   0    0  250    0    1  250    0  246   26  250    0  250    0  250    0    0  250    0    0  250  225    0    0  250
   0    5  250  249    0  250    0  250  222  250   30  250    0  250    0    0  250    0    0  250  250    0    0  250
   0    0    2    0    0    0    0    0    0  250    0   24    0    0    0    0  250    0    0  233    0    0    0  249
   0  249  250  250  250  250    0  250  250  250  250  250    0  250    0   19  250    3    0  250  250    0  217  250
   0    0  249    4    0  250    0    0    0  250    0  250    0  225    0    0  250    0    0  250   37    0    0  250
   0    0  250  224   28  250    0  250    0  250    5  250    0  250    0    0  250    0    0  250  248    0    0  250
   0    0    0    0    0    0    0    0    0    0    0    0    0    0    0    0  215    0    0    3    0    0    0   33
   0   22  250  250  220  250    0  250  245  250    0  250    0  250    0    0  250    0    0  250  250    0    2  250
   0    0   24    0    0  226    0    0    0  250    0    0    0    0    0    0  250    0    0  247    0    0    0  250
 224  250  250  250  250  250  250  250  250  250  250  250    0  250  246  250  250  250  250  250  250  250  250  250
   0    0  228    0    0  250    0   25    0  250    0  250    0    0    0    0  250    0    0  250    3    0    0  250
  30  250  250  250  250  250  250  250  250  250  250  250    4  250    0  250  250  249  221  250  250  248  250  250
   0  250  250  250  250  250  231  250  250  250  250  250    0  250    0    0  250   36    0  250  250    2  248  250
   0    0    0    0    0    0    0    0    0   35    0    0    0    0    0    0    0    0    0    0    0    0    0    1
   0  250  250  250  250  250  247  250  250  250  250  250    0  250    1  214  250    0    3  250  250   35  250  250
   4  250  250  250  250  250  250  250  250  250  250  250    0  250   29  250  250  247    0  250  250  230  250  250
   0    0    0    0    0   17    0    0    0  247    0    3    0    0    0    0  250    0    0    0    0    0    0  228
   0    0  250   25    0  250    0  213    2  250    0  250    0  247    0    0  250    0    0  250    0    0    0  250
   0  250  250  250  250  250  250  250  250  250  250  250    0  250    2  248  250  215   20  250  250    0  250  250
   0  217  250  250  250  250   33  250  250  250  248  250    0  250    0    2  250    0    0  250  250    0    0  250
   0    0    0    0    0    1    0    0    0  217    0    0    0    0    0    0  249    0    0   22    0    0    0    0
Objective value: 2.744000000000028

COMPONENT 2
Central permutation
9 6 2 17 14 12 8 3 7 21 20 19 11 18 5 10 23 15 24 16 22 1 4 13
Weight
0.25
Pairwise count matrix
   0    0    0  221    0    0    0    0    0    0    0    0  247    0    0    3    0    0    0    0    0   23    0    0
 250    0  250  250  250   25  250  250    1  250  250  250  250  248  250  250  222  250  250  250  250  250  250  250
 250    0    0  250  250    0  221   28    0  250  250    2  250    0  250  250    0  250  250  250  247  250  250  250
  29    0    0    0    0    0    0    0    0    0    0    0  219    0    0    0    0    0    0    0    0    1    0    0
 250    0    0  250    0    0    0    0    0  220    4    0  250    0  250  250    0   20    0    0    0  250  248  250
 250  225  250  250  250    0  250  250   40  250  250  250  250  250  250  250  245  250  250  250  250  250  250  250
 250    0   29  250  250    0    0    5    0  250  250    0  250    0  250  250    0  250  250  249  220  250  250  250
 250    0  222  250  250    0  245    0    0  250  250   25  250    0  250  250    0  250  250  250  250  250  250  250
 250  249  250  250  250  210  250  250    0  250  250  250  250  250  250  250  250  250  250  250  250  250  250  250
 250    0    0  250   30    0    0    0    0    0    0    0  250    0  248  250    0    1    0    0    0  250  223  250
 250    0    0  250  246    0    0    0    0  250    0    0  250    0  250  250    0  226   35    1    0  250  250  250
 250    0  248  250  250    0  250  225    0  250  250    0  250   16  250  250    2  250  250  250  250  250  250  250
   3    0    0   31    0    0    0    0    0    0    0    0    0    0    0    0    0    0    0    0    0    0    0    0
 250    2  250  250  250    0  250  250    0  250  250  234  250    0  250  250   24  250  250  250  250  250  250  250
 250    0    0  250    0    0    0    0    0    2    0    0  250    0    0  248    0    0    0    0    0  249   28  214
 247    0    0  250    0    0    0    0    0    0    0    0  250    0    2    0    0    0    0    0    0  222    0   30
 250   28  250  250  250    5  250  250    0  250  250  248  250  226  250  250    0  250  250  250  250  250  250  250
 250    0    0  250  230    0    0    0    0  249   24    0  250    0  250  250    0    0    3    0    0  250  250  250
 250    0    0  250  250    0    0    0    0  250  215    0  250    0  250  250    0  247    0   28    0  250  250  250
 250    0    0  250  250    0    1    0    0  250  249    0  250    0  250  250    0  250  222    0   26  250  250  250
 250    0    3  250  250    0   30    0    0  250  250    0  250    0  250  250    0  250  250  224    0  250  250  250
 227    0    0  249    0    0    0    0    0    0    0    0  250    0    1   28    0    0    0    0    0    0    0    3
 250    0    0  250    2    0    0    0    0   27    0    0  250    0  222  250    0    0    0    0    0  250    0  249
 250    0    0  250    0    0    0    0    0    0    0    0  250    0   36  220    0    0    0    0    0  247    1    0
Objective value: 2.7520000000000095

COMPONENT 3
Central permutation
9 1 22 5 8 13 2 14 23 16 24 20 15 17 6 11 19 21 3 4 18 12 7 10
Weight
0.25
Pairwise count matrix
   0  250  250  250  248  250  250  250   27  250  250  250  250  250  250  250  250  250  250  250  250  225  250  250
   0    0  250  250    1  250  250    5    0  250  250  250   25  227  250  250  250  250  250  250  250    0  248  250
   0    0    0  225    0    0  250    0    0  250    0  250    0    0    0    0    0  246    3    0   29    0    0    0
   0    0   25    0    0    0  250    0    0  250    0  249    0    0    0    0    0  225    0    0    0    0    0    0
   2  249  250  250    0  250  250  225    1  250  250  250  245  250  250  250  250  250  250  250  250   19  250  250
   0    0  250  250    0    0  250    0    0  250  226  250    0    0    2    0   23  250  249    0  250    0    0    0
   0    0    0    0    0    0    0    0    0  228    0   32    0    0    0    0    0    1    0    0    0    0    0    0
   0  245  250  250   25  250  250    0    0  250  250  250  227  250  250  250  250  250  250  250  250    1  250  250
 223  250  250  250  249  250  250  250    0  250  250  250  250  250  250  250  250  250  250  250  250  245  250  250
   0    0    0    0    0    0   22    0    0    0    0    1    0    0    0    0    0    0    0    0    0    0    0    0
   0    0  250  250    0   24  250    0    0  250    0  250    0    0    0    0    2  250  221    0  246    0    0    0
   0    0    0    1    0    0  218    0    0  249    0    0    0    0    0    0    0   26    0    0    0    0    0    0
   0  225  250  250    5  250  250   23    0  250  250  250    0  247  250  250  250  250  250  250  250    0  250  250
   0   23  250  250    0  250  250    0    0  250  250  250    3    0  250  243  250  250  250  250  250    0  210  250
   0    0  250  250    0  248  250    0    0  250  250  250    0    0    0    0  220  250  250   23  250    0    0    2
   0    0  250  250    0  250  250    0    0  250  250  250    0    7  250    0  250  250  250  249  250    0   25  215
   0    0  250  250    0  227  250    0    0  250  248  250    0    0   30    0    0  250  250    4  250    0    0    0
   0    0    4   25    0    0  249    0    0  250    0  224    0    0    0    0    0    0    0    0    0    0    0    0
   0    0  247  250    0    1  250    0    0  250   29  250    0    0    0    0    0  250    0    0  220    0    0    0
   0    0  250  250    0  250  250    0    0  250  250  250    0    0  227    1  246  250  250    0  250    0    0   32
   0    0  221  250    0    0  250    0    0  250    4  250    0    0    0    0    0  250   30    0    0    0    0    0
  25  250  250  250  231  250  250  249    5  250  250  250  250  250  250  250  250  250  250  250  250    0  250  250
   0    2  250  250    0  250  250    0    0  250  250  250    0   40  250  225  250  250  250  250  250    0    0  245
   0    0  250  250    0  250  250    0    0  250  250  250    0    0  248   35  250  250  250  218  250    0    5    0
Objective value: 2.7200000000000273

COMPONENT 4
Central permutation
13 2 24 1 15 23 9 20 19 22 16 3 4 6 10 11 17 18 21 7 12 5 8 14
Weight
0.25
Pairwise count matrix
   0    2  250  250  250  250  250  250  250  250  250  250    0  250  215  250  250  250  250  250  250  250  249   19
 248    0  250  250  250  250  250  250  250  250  250  250   30  250  250  250  250  250  250  250  250  250  250  224
   0    0    0  230  250  247  250  250    0  250  250  250    0  250    0   35  250  250    0    0  250    6    0    0
   0    0   20    0  250  221  250  250    0  248  250  250    0  250    0    5  250  250    0    0  250    0    0    0
   0    0    0    0    0    0    5  227    0    0    0   30    0  244    0    0    0    0    0    0    1    0    0    0
   0    0    3   29  250    0  250  250    0  228  249  250    0  250    0    0  250  250    0    0  250    0    0    0
   0    0    0    0  245    0    0  250    0    0    0  217    0  250    0    0    0    3    0    0   22    0    0    0
   0    0    0    0   23    0    0    0    0    0    0    1    0  223    0    0    0    0    0    0    0    0    0    0
   0    0  250  250  250  250  250  250    0  250  250  250    0  250    3  250  250  250  247  216  250  250   21    0
   0    0    0    2  250   22  250  250    0    0  222  250    0  250    0    0  245  250    0    0  250    0    0    0
   0    0    0    0  250    1  250  250    0   28    0  250    0  250    0    0  221  247    0    0  250    0    0    0
   0    0    0    0  220    0   33  249    0    0    0    0    0  250    0    0    0    0    0    0    3    0    0    0
 250  220  250  250  250  250  250  250  250  250  250  250    0  250  250  250  250  250  250  250  250  250  250  249
   0    0    0    0    6    0    0   27    0    0    0    0    0    0    0    0    0    0    0    0    0    0    0    0
  35    0  250  250  250  250  250  250  247  250  250  250    0  250    0  250  250  250  250  250  250  250  227    7
   0    0  215  245  250  250  250  250    0  250  250  250    0  250    0    0  250  250    4    0  250   26    0    0
   0    0    0    0  250    0  250  250    0    5   29  250    0  250    0    0    0  233    0    0  250    0    0    0
   0    0    0    0  250    0  247  250    0    0    3  250    0  250    0    0   17    0    0    0  218    0    0    0
   0    0  250  250  250  250  250  250    3  250  250  250    0  250    0  246  250  250    0   26  250  216    0    0
   0    0  250  250  250  250  250  250   34  250  250  250    0  250    0  250  250  250  224    0  250  246    0    0
   0    0    0    0  249    0  228  250    0    0    0  247    0  250    0    0    0   32    0    0    0    0    0    0
   0    0  244  250  250  250  250  250    0  250  250  250    0  250    0  224  250  250   34    4  250    0    0    0
   1    0  250  250  250  250  250  250  229  250  250  250    0  250   23  250  250  250  250  250  250  250    0    0
 231   26  250  250  250  250  250  250  250  250  250  250    1  250  243  250  250  250  250  250  250  250  250    0
Objective value: 2.759999999999991

TOTAL OBJECTIVE VALUE: 2.744000000000028
