Random seed: 12345

COMPONENT 1
Central permutation
1 9 5 11 2 10 6 3 4 12 8 7
Weight
0.667
Pairwise count matrix
   0  666  667  667  629  667  667  667  499  667  664  667
   1    0  660  667   34  632  667  667    6  521  152  667
   0    7    0  521    0  140  667  662    0   40    0  623
   0    0  146    0    0   30  661  625    0    3    0  527
  38  633  667  667    0  667  667  667  140  664  513  667
   0   35  527  637    0    0  667  667    0  153    4  664
   0    0    0    6    0    0    0  175    0    0    0   42
   0    0    5   42    0    0  492    0    0    0    0  153
 168  661  667  667  527  667  667  667    0  667  634  667
   0  146  627  664    3  514  667  667    0    0   38  667
   3  515  667  667  154  663  667  667   33  629    0  667
   0    0   44  140    0    3  625  514    0    0    0    0
Objective value: 3.1244377811094424

COMPONENT 2
Central permutation
5 8 7 9 6 11 12 3 2 1 10 4
Weight
0.333
Pairwise count matrix
   0   87   19  305    0    0    0    0    0  257    0    1
 246    0   67  332    0    0    0    0    0  311    1   13
 314  266    0  332    0    4    0    0    0  332   17   74
  28    1    1    0    0    0    0    0    0   86    0    0
 333  333  333  333    0  333  307  256  327  333  333  333
 333  333  329  333    0    0   13    4   79  333  268  311
 333  333  333  333   26  320    0   77  264  333  330  333
 333  333  333  333   77  329  256    0  310  333  333  333
 333  333  333  333    6  254   69   23    0  333  316  332
  76   22    1  247    0    0    0    0    0    0    0    0
 333  332  316  333    0   65    3    0   17  333    0  263
 332  320  259  333    0   22    0    0    1  333   70    0
Objective value: 3.1531531531531556

TOTAL OBJECTIVE VALUE: 3.1340000000000003
