Random seed: 12345

COMPONENT 1
Central permutation
11 8 9 12 6 1 5 2 3 7 10 4
Weight
0.533
Pairwise count matrix
   0  533  533  533  477   60  533    0    0  533    0    0
   0    0  492  533   57    0  533    0    0  533    0    0
   0   41    0  533    0    0  496    0    0  533    0    0
   0    0    0    0    0    0    0    0    0   46    0    0
  56  476  533  533    0    0  533    0    0  533    0    0
 473  533  533  533  533    0  533    0    0  533    0   47
   0    0   37  533    0    0    0    0    0  496    0    0
 533  533  533  533  533  533  533    0  485  533   52  533
 533  533  533  533  533  533  533   48    0  533    0  481
   0    0    0  487    0    0   37    0    0    0    0    0
 533  533  533  533  533  533  533  481  533  533    0  533
 533  533  533  533  533  486  533    0   52  533    0    0
Objective value: 1.0

COMPONENT 2
Central permutation
5 3 1 2 11 12 7 8 9 6 10 4
Weight
0.267
Pairwise count matrix
   0  243   25  267    0  267  267  267  267  267  267  267
  24    0    0  267    0  267  267  267  267  267  244  267
 242  267    0  267   25  267  267  267  267  267  267  267
   0    0    0    0    0    0    0    0    0   25    0    0
 267  267  242  267    0  267  267  267  267  267  267  267
   0    0    0  267    0    0    0    0   23  249    0    0
   0    0    0  267    0  267    0  237  267  267    0   22
   0    0    0  267    0  267   30    0  239  267    0    0
   0    0    0  267    0  244    0   28    0  267    0    0
   0    0    0  242    0   18    0    0    0    0    0    0
   0   23    0  267    0  267  267  267  267  267    0  243
   0    0    0  267    0  267  245  267  267  267   24    0
Objective value: 1.0

COMPONENT 3
Central permutation
4 12 9 5 6 8 2 11 3 1 10 7
Weight
0.133
Pairwise count matrix
   0    0    8    0    0    0  133    0    0  126    0    0
 133    0  133    0    0    0  133   15    0  133  124    0
 125    0    0    0    0    0  133    0    0  133   12    0
 133  133  133    0  133  133  133  133  133  133  133  122
 133  133  133    0    0  123  133  133   15  133  133    0
 133  133  133    0   10    0  133  116    0  133  133    0
   0    0    0    0    0    0    0    0    0    8    0    0
 133  118  133    0    0   17  133    0    0  133  133    0
 133  133  133    0  118  133  133  133    0  133  133   21
   7    0    0    0    0    0  125    0    0    0    0    0
 133    9  121    0    0    0  133    0    0  133    0    0
 133  133  133   11  133  133  133  133  112  133  133    0
Objective value: 1.0

COMPONENT 4
Central permutation
3 4 2 11 12 5 1 8 7 10 6 9
Weight
0.067
Pairwise count matrix
   0    0    0    0    4   67   67   62   67   67    0    0
  67    0    0    7   67   67   67   67   67   67   62   67
  67   67    0   57   67   67   67   67   67   67   67   67
  67   60   10    0   67   67   67   67   67   67   67   67
  63    0    0    0    0   67   67   67   67   67    0    3
   0    0    0    0    0    0    0    0   58    5    0    0
   0    0    0    0    0   67    0    7   67   59    0    0
   5    0    0    0    0   67   60    0   67   67    0    0
   0    0    0    0    0    9    0    0    0    0    0    0
   0    0    0    0    0   62    8    0   67    0    0    0
  67    5    0    0   67   67   67   67   67   67    0   63
  67    0    0    0   64   67   67   67   67   67    4    0
Objective value: 1.0

TOTAL OBJECTIVE VALUE: 1.0
