Random seed: 12345

COMPONENT 1
Central permutation
9 1 21 16 2 24 5 20 19 7 8 17 14 6 11 4 10 23 13 3 22 15 12 18
Weight
0.5
Pairwise count matrix
   0  464  500  500  491  500  500  500  179  500  500  500  500  500  500  401  500  500  499  499  330  500  500  478
  36    0  500  500  407  500  493  496   23  500  500  500  500  499  500  161  500  500  482  459   78  500  500  321
   0    0    0   26    0    0    0    0    0   45    6  453  153    0  402    0    0  470    0    0    0  350   89    0
   0    0  474    0    0  100    0    3    0  327  154  500  443   43  499    0   20  500    0    0    0  488  407    0
   9   93  500  500    0  499  450  483    4  500  500  500  500  499  500   45  496  500  398  340   23  500  500  145
   0    0  500  400    1    0   16   45    0  458  334  500  493  175  500    0   91  500    5    4    0  500  482    0
   0    7  500  500   50  484    0  339    0  500  493  500  500  458  500    0  410  500  163   91    1  500  500   13
   0    4  500  497   17  455  161    0    0  498  484  500  500  414  500    0  342  500  100   50    0  500  499    7
 321  477  500  500  496  500  500  500    0  500  500  500  500  500  500  434  500  500  500  500  389  500  500  491
   0    0  455  173    0   42    0    2    0    0   90  498  399   23  493    0    6  500    0    0    0  481  332    0
   0    0  494  346    0  166    7   16    0  410    0  500  487   90  500    0   46  500    5    0    0  497  463    0
   0    0   47    0    0    0    0    0    0    2    0    0   18    0  182    0    0  306    0    0    0   97    6    0
   0    0  347   57    0    7    0    0    0  101   13  482    0    3  460    0    0  489    0    0    0  407  160    0
   0    1  500  457    1  325   42   86    0  477  410  500  497    0  500    0  160  500   19    6    0  500  494    1
   0    0   98    1    0    0    0    0    0    7    0  318   40    0    0    0    0  382    0    0    0  158   22    0
  99  339  500  500  455  500  500  500   66  500  500  500  500  500  500    0  500  500  492  481  152  500  500  400
   0    0  500  480    4  409   90  158    0  494  454  500  500  340  500    0    0  500   40   18    0  500  499    4
   0    0   30    0    0    0    0    0    0    0    0  194   11    0  118    0    0    0    0    0    0   60    3    0
   1   18  500  500  102  495  337  400    0  500  495  500  500  481  500    8  460  500    0  171    2  500  500   37
   1   41  500  500  160  496  409  450    0  500  500  500  500  494  500   19  482  500  329    0    3  500  500   90
 170  422  500  500  477  500  499  500  111  500  500  500  500  500  500  348  500  500  498  497    0  500  500  449
   0    0  150   12    0    0    0    0    0   19    3  403   93    0  342    0    0  440    0    0    0    0   46    0
   0    0  411   93    0   18    0    1    0  168   37  494  340    6  478    0    1  497    0    0    0  454    0    0
  22  179  500  500  355  500  487  493    9  500  500  500  500  499  500  100  496  500  463  410   51  500  500    0
Objective value: 14.851999999999975

COMPONENT 2
Central permutation
24 18 12 6 8 15 20 11 1 13 19 23 16 17 21 10 5 9 4 22 14 2 3 7
Weight
0.5
Pairwise count matrix
   0  500  500  500  500   11  500   19  500  500  162    3  325  500   34  482  494    1  419   91  498  500  450    1
   0    0  325   43    7    0  377    0   19    5    0    0    0  147    0    0    0    0    0    0    0   94    0    0
   0  175    0   22    0    0  296    0    4    0    0    0    0   79    0    0    0    0    0    0    0   35    0    0
   0  457  478    0   88    0  491    0  148   46    0    0    0  387    0    3    8    0    0    0   12  334    0    0
   0  493  500  412    0    0  500    0  316  156    0    0    0  478    0   18   56    0    2    0   84  459    9    0
 489  500  500  500  500    0  500  349  500  500  486  170  496  500  419  500  500  118  500  455  500  500  500   56
   0  123  204    9    0    0    0    0    2    0    0    0    0   41    0    0    0    0    0    0    0   21    0    0
 481  500  500  500  500  151  500    0  500  500  455   90  491  500  340  500  500   44  496  397  500  500  499   27
   0  481  496  352  184    0  498    0    0  105    0    0    0  453    0    5   24    0    1    0   44  420    5    0
   0  495  500  454  344    0  500    0  395    0    0    0    0  491    0   37  100    0    5    0  139  484   18    0
 338  500  500  500  500   14  500   45  500  500    0    6  396  500   82  493  497    2  455  149  500  500  475    0
 497  500  500  500  500  330  500  410  500  500  494    0  500  500  453  500  500  179  499  484  500  500  500   96
 175  500  500  500  500    4  500    9  500  500  104    0    0  500   16  462  487    0  342   37  493  500  416    0
   0  353  421  113   22    0  459    0   47    9    0    0    0    0    0    0    2    0    0    0    5  182    0    0
 466  500  500  500  500   81  500  160  500  500  418   47  484  500    0  500  500   19  490  335  500  500  497    8
  18  500  500  497  482    0  500    0  495  463    7    0   38  500    0    0  353    0   88    1  400  500  153    0
   6  500  500  492  444    0  500    0  476  400    3    0   13  498    0  147    0    0   36    1  303  494   92    0
 499  500  500  500  500  382  500  456  500  500  498  321  500  500  481  500  500    0  500  492  500  500  500  169
  81  500  500  500  498    0  500    4  499  495   45    1  158  500   10  412  464    0    0   14  479  500  324    0
 409  500  500  500  500   45  500  103  500  500  351   16  463  500  165  499  499    8  486    0  500  500  497    4
   2  500  500  488  416    0  500    0  456  361    0    0    7  495    0  100  197    0   21    0    0  495   51    0
   0  406  465  166   41    0  479    0   80   16    0    0    0  318    0    0    6    0    0    0    5    0    0    0
  50  500  500  500  491    0  500    1  495  482   25    0   84  500    3  347  408    0  176    3  449  500    0    0
 499  500  500  500  500  444  500  473  500  500  500  404  500  500  492  500  500  331  500  496  500  500  500    0
Objective value: 14.755999999999972

TOTAL OBJECTIVE VALUE: 14.803999999999974
