Random seed: 12345

COMPONENT 1
Central permutation
9 1 12 11 7 6 5 10 4 8 3 2
Weight
0.25
Pairwise count matrix
   0  250  250  250  250  250  250  250   34  250  250  226
   0    0   20    0    0    0    0    0    0    0    0    0
   0  230    0    0    0    0    0   17    0    0    0    0
   0  250  250    0    0    0    0  224    0   19    0    0
   0  250  250  250    0   28    0  250    0  227    0    0
   0  250  250  250  222    0   21  250    0  250    0    0
   0  250  250  250  250  229    0  250    0  250   15    0
   0  250  233   26    0    0    0    0    0    0    0    0
 216  250  250  250  250  250  250  250    0  250  250  250
   0  250  250  231   23    0    0  250    0    0    0    0
   0  250  250  250  250  250  235  250    0  250    0   23
  24  250  250  250  250  250  250  250    0  250  227    0
Objective value: 1.0

COMPONENT 2
Central permutation
8 5 9 6 7 10 12 3 4 2 1 11
Weight
0.25
Pairwise count matrix
   0   21    0    0    0    0    0    0    0    0  228    0
 229    0    0   33    0    0    0    0    0    0  250    0
 250  250    0  220    0    0    0    0    0    0  250   21
 250  217   30    0    0    0    0    0    0    0  250    0
 250  250  250  250    0  250  250   13  228  250  250  250
 250  250  250  250    0    0  226    0   21  250  250  250
 250  250  250  250    0   24    0    0    0  229  250  250
 250  250  250  250  237  250  250    0  250  250  250  250
 250  250  250  250   22  229  250    0    0  250  250  250
 250  250  250  250    0    0   21    0    0    0  250  228
  22    0    0    0    0    0    0    0    0    0    0    0
 250  250  229  250    0    0    0    0    0   22  250    0
Objective value: 1.0

COMPONENT 3
Central permutation
1 5 3 9 7 8 12 6 4 2 11 10
Weight
0.25
Pairwise count matrix
   0  250  250  250  225  250  250  250  250  250  250  250
   0    0    0   17    0    0    0    0    0  250  228    0
   0  250    0  250   20  250  250  250  224  250  250  250
   0  233    0    0    0   29    0    0    0  250  250    0
  25  250  230  250    0  250  250  250  250  250  250  250
   0  250    0  221    0    0    0    0    0  250  250   21
   0  250    0  250    0  250    0  230   30  250  250  250
   0  250    0  250    0  250   20    0    0  250  250  223
   0  250   26  250    0  250  220  250    0  250  250  250
   0    0    0    0    0    0    0    0    0    0   13    0
   0   22    0    0    0    0    0    0    0  237    0    0
   0  250    0  250    0  229    0   27    0  250  250    0
Objective value: 1.0

COMPONENT 4
Central permutation
5 9 12 3 1 8 2 4 11 7 6 10
Weight
0.25
Pairwise count matrix
   0  250   22  250    0  250  250  237    0  250  250    0
   0    0    0  216    0  250  250   23    0  250  250    0
 228  250    0  250    0  250  250  250    0  250  250   21
   0   34    0    0    0  250  250    0    0  250  224    0
 250  250  250  250    0  250  250  250  230  250  250  250
   0    0    0    0    0    0   26    0    0  234    0    0
   0    0    0    0    0  224    0    0    0  250   22    0
  13  227    0  250    0  250  250    0    0  250  250    0
 250  250  250  250   20  250  250  250    0  250  250  223
   0    0    0    0    0   16    0    0    0    0    0    0
   0    0    0   26    0  250  228    0    0  250    0    0
 250  250  229  250    0  250  250  250   27  250  250    0
Objective value: 1.0

TOTAL OBJECTIVE VALUE: 1.0
