Random seed: 12345

COMPONENT 1
Central permutation
7 12 1 10 4 3 6 11 5 2 9 8
Weight
0.571
Pairwise count matrix
   0  571  565  549  571  571   39  571  571  435  571  117
   0    0    1    0  133    7    0  536  448    0   32    0
   6  570    0  126  567  464    0  571  571   41  536    0
  22  571  445    0  571  545    0  571  571  122  567    3
   0  438    4    0    0   39    0  564  532    0  116    0
   0  564  107   26  532    0    0  571  570    6  423    0
 532  571  571  571  571  571    0  571  571  564  571  431
   0   35    0    0    7    0    0    0  142    0    0    0
   0  123    0    0   39    1    0  429    0    0    1    0
 136  571  530  449  571  565    7  571  571    0  571   39
   0  539   35    4  455  148    0  571  570    0    0    0
 454  571  571  568  571  571  140  571  571  532  571    0
Objective value: 3.1593695271453583

COMPONENT 2
Central permutation
2 9 10 8 6 7 3 5 4 12 1 11
Weight
0.286
Pairwise count matrix
   0    0    0   16    5    0    0    0    0    0  223   60
 286    0  286  286  286  286  286  282  221  266  286  286
 286    0    0  264  226   21   65    1    0    0  286  283
 270    0   22    0   77    0    3    0    0    0  285  224
 281    0   60  209    0    4   15    0    0    0  285  265
 286    0  265  286  282    0  223   54    5    8  286  286
 286    0  221  283  271   63    0    9    0    2  286  286
 286    4  285  286  286  232  277    0   20   63  286  286
 286   65  286  286  286  281  286  266    0  221  286  286
 286   20  286  286  286  278  284  223   65    0  286  286
  63    0    0    1    1    0    0    0    0    0    0   14
 226    0    3   62   21    0    0    0    0    0  272    0
Objective value: 3.11888111888112

COMPONENT 3
Central permutation
10 3 6 1 5 12 9 2 8 11 4 7
Weight
0.143
Pairwise count matrix
   0  143    5  143  116   34  143  143  143    0  143  138
   0    0    0  143    1    0  143  109   29    0  134    6
 138  143    0  143  143  116  143  143  143   36  143  143
   0    0    0    0    0    0  110   11    0    0   27    0
  27  142    0  143    0   11  143  143  137    0  143  115
 109  143   27  143  132    0  143  143  143   12  143  141
   0    0    0   33    0    0    0    0    0    0    7    0
   0   34    0  132    0    0  143    0   10    0  105    2
   0  114    0  143    6    0  143  133    0    0  140   31
 143  143  107  143  143  131  143  143  143    0  143  143
   0    9    0  116    0    0  136   38    3    0    0    0
   5  137    0  143   28    2  143  141  112    0  143    0
Objective value: 3.0349650349650332

TOTAL OBJECTIVE VALUE: 3.1300000000000026
