Random seed: 12345

COMPONENT 1
Central permutation
1 10 5 3 12 8 7 2 9 11 6 4
Weight
0.5
Pairwise count matrix
   0  500  496  500  471  500  500  500  500  377  500  500
   0    0    1  500    0  495  104   21  413    0  472    8
   4  499    0  500  108  500  493  463  500   30  500  388
   0    0    0    0    0  118    0    0    6    0   36    0
  29  500  392  500    0  500  500  492  500  112  500  471
   0    5    0  382    0    0    0    0   29    0  102    0
   0  396    7  500    0  500    0   98  481    0  497   33
   0  479   37  500    8  500  402    0  499    1  500  108
   0   87    0  494    0  471   19    1    0    0  384    0
 123  500  470  500  388  500  500  499  500    0  500  495
   0   28    0  464    0  398    3    0  116    0    0    0
   0  492  112  500   29  500  467  392  500    5  500    0
Objective value: 3.0559999999999974

COMPONENT 2
Central permutation
1 6 8 4 7 2 11 10 9 3 5 12
Weight
0.5
Pairwise count matrix
   0  500  500  496  500  371  499  466  500  500  500  500
   0    0  500   27  500    2  106    3  497  472  412  500
   0    0    0    0  394    0    0    0  106   22    4  473
   4  473  500    0  500   44  391  109  500  500  494  500
   0    0  106    0    0    0    0    0   29    4    0  371
 129  498  500  456  500    0  495  385  500  500  500  500
   1  394  500  109  500    5    0   27  499  494  470  500
  34  497  500  391  500  115  473    0  500  500  498  500
   0    3  394    0  471    0    1    0    0   98   31  498
   0   28  478    0  496    0    6    0  402    0  115  500
   0   88  496    6  500    0   30    2  469  385    0  500
   0    0   27    0  129    0    0    0    2    0    0    0
Objective value: 3.103999999999999

TOTAL OBJECTIVE VALUE: 3.0799999999999983
