Random seed: 12345

COMPONENT 1
Central permutation
12 11 9 2 8 10 3 4 6 5 1 7
Weight
0.667
Pairwise count matrix
   0    0    0    0   54    0  608    0    0    0    0    0
 667    0  667  667  667  667  667  605   77  667    0    0
 667    0    0  609  667  667  667    0    0   64    0    0
 667    0   58    0  667  615  667    0    0    0    0    0
 613    0    0    0    0   63  667    0    0    0    0    0
 667    0    0   52  604    0  667    0    0    0    0    0
  59    0    0    0    0    0    0    0    0    0    0    0
 667   62  667  667  667  667  667    0    0  613    0    0
 667  590  667  667  667  667  667  667    0  667   60    0
 667    0  603  667  667  667  667   54    0    0    0    0
 667  667  667  667  667  667  667  667  607  667    0   64
 667  667  667  667  667  667  667  667  667  667  603    0
Objective value: 1.0

COMPONENT 2
Central permutation
2 11 12 4 1 6 8 10 3 9 5 7
Weight
0.333
Pairwise count matrix
   0    0  333   34  333  315  333  333  333  333    0    0
 333    0  333  333  333  333  333  333  333  333  301  333
   0    0    0    0  333    0  333    0  307   36    0    0
 299    0  333    0  333  333  333  333  333  333    0   31
   0    0    0    0    0    0  307    0   25    0    0    0
  18    0  333    0  333    0  333  294  333  333    0    0
   0    0    0    0   26    0    0    0    0    0    0    0
   0    0  333    0  333   39  333    0  333  300    0    0
   0    0   26    0  308    0  333    0    0    0    0    0
   0    0  297    0  333    0  333   33  333    0    0    0
 333   32  333  333  333  333  333  333  333  333    0  300
 333    0  333  302  333  333  333  333  333  333   33    0
Objective value: 1.0

TOTAL OBJECTIVE VALUE: 1.0
