Random seed: 12345

COMPONENT 1
Central permutation
8 23 15 16 11 20 5 10 21 22 3 2 14 1 12 7 9 13 24 17 18 4 19 6
Weight
0.571
Pairwise count matrix
   0    7    0  571    0  571  566    0  570    0    0  512  571   69    0    0  571  571  571    0    0    0    0  571
 564    0   59  571    0  571  571    0  571    0    0  571  571  518    0    0  571  571  571    0    0    4    0  571
 571  512    0  571    0  571  571    0  571    0    0  571  571  565    0    0  571  571  571    0    7   66    0  571
   0    0    0    0    0  566    0    0    0    0    0    0    0    0    0    0    9   85  505    0    0    0    0    0
 571  571  571  571    0  571  571    0  571  494    5  571  571  571    0    0  571  571  571   48  562  571    0  571
   0    0    0    5    0    0    0    0    0    0    0    0    0    0    0    0    0    1   58    0    0    0    0    0
   5    0    0  571    0  571    0    0  503    0    0   68  566    0    0    0  571  571  571    0    0    0    0  571
 571  571  571  571  571  571  571    0  571  571  571  571  571  571  568  571  571  571  571  571  571  571  508  571
   1    0    0  571    0  571   68    0    0    0    0    8  507    0    0    0  570  571  571    0    0    0    0  565
 571  571  571  571   77  571  571    0  571    0    1  571  571  571    0    0  571  571  571    2  515  568    0  571
 571  571  571  571  566  571  571    0  571  570    0  571  571  571    7   64  571  571  571  515  571  571    1  571
  59    0    0  571    0  571  503    0  563    0    0    0  571    5    0    0  571  571  571    0    0    0    0  571
   0    0    0  571    0  571    5    0   64    0    0    0    0    0    0    0  563  569  571    0    0    0    0  510
 502   53    6  571    0  571  571    0  571    0    0  566  571    0    0    0  571  571  571    0    0    1    0  571
 571  571  571  571  571  571  571    3  571  571  564  571  571  571    0  515  571  571  571  571  571  571   61  571
 571  571  571  571  571  571  571    0  571  571  507  571  571  571   56    0  571  571  571  566  571  571    4  571
   0    0    0  562    0  571    0    0    1    0    0    0    8    0    0    0    0  506  571    0    0    0    0   69
   0    0    0  486    0  570    0    0    0    0    0    0    2    0    0    0   65    0  564    0    0    0    0    7
   0    0    0   66    0  513    0    0    0    0    0    0    0    0    0    0    0    7    0    0    0    0    0    0
 571  571  571  571  523  571  571    0  571  569   56  571  571  571    0    5  571  571  571    0  571  571    0  571
 571  571  564  571    9  571  571    0  571   56    0  571  571  571    0    0  571  571  571    0    0  504    0  571
 571  567  505  571    0  571  571    0  571    3    0  571  571  570    0    0  571  571  571    0   67    0    0  571
 571  571  571  571  571  571  571   63  571  571  570  571  571  571  510  567  571  571  571  571  571  571    0  571
   0    0    0  571    0  571    0    0    6    0    0    0   61    0    0    0  502  564  571    0    0    0    0    0
Objective value: 2.789842381786343

COMPONENT 2
Central permutation
1 8 5 14 10 24 7 17 20 11 19 6 3 2 21 23 15 13 16 4 22 9 18 12
Weight
0.286
Pairwise count matrix
   0  286  286  286  285  286  286  243  286  286  286  286  286  286  286  286  286  286  286  286  286  286  286  286
   0    0   32  286    0    2    0    0  286    0    0  286  286    0  286  286    0  286    0    0  262  286  283    0
   0  254    0  286    0   20    0    0  286    0    0  286  286    0  286  286    0  286    0    0  284  286  286    0
   0    0    0    0    0    0    0    0  281    0    0  286    1    0    0   32    0  285    0    0    0  248    0    0
   1  286  286  286    0  286  286   27  286  282  286  286  286  245  286  286  286  286  286  286  286  286  286  286
   0  284  266  286    0    0    0    0  286    0    0  286  286    0  286  286    0  286   35    0  286  286  286    0
   0  286  286  286    0  286    0    0  286    4  286  286  286    0  286  286  252  286  286  283  286  286  286   26
  43  286  286  286  259  286  286    0  286  286  286  286  286  281  286  286  286  286  286  286  286  286  286  286
   0    0    0    5    0    0    0    0    0    0    0  283    0    0    0    1    0  256    0    0    0   42    0    0
   0  286  286  286    4  286  282    0  286    0  286  286  286   20  286  286  285  286  286  286  286  286  286  251
   0  286  286  286    0  286    0    0  286    0    0  286  286    0  286  286    5  286  264   34  286  286  286    0
   0    0    0    0    0    0    0    0    3    0    0    0    0    0    0    0    0   43    0    0    0    0    0    0
   0    0    0  285    0    0    0    0  286    0    0  286    0    0   32  265    0  286    0    0    1  286    4    0
   0  286  286  286   41  286  286    5  286  266  286  286  286    0  286  286  286  286  286  286  286  286  286  285
   0    0    0  286    0    0    0    0  286    0    0  286  254    0    0  282    0  286    0    0    3  286   40    0
   0    0    0  254    0    0    0    0  285    0    0  286   21    0    4    0    0  286    0    0    0  284    1    0
   0  286  286  286    0  286   34    0  286    1  281  286  286    0  286  286    0  286  286  258  286  286  286    2
   0    0    0    1    0    0    0    0   30    0    0  243    0    0    0    0    0    0    0    0    0    5    0    0
   0  286  286  286    0  251    0    0  286    0   22  286  286    0  286  286    0  286    0    1  286  286  286    0
   0  286  286  286    0  286    3    0  286    0  252  286  286    0  286  286   28  286  285    0  286  286  286    0
   0   24    2  286    0    0    0    0  286    0    0  286  285    0  283  286    0  286    0    0    0  286  250    0
   0    0    0   38    0    0    0    0  244    0    0  286    0    0    0    2    0  281    0    0    0    0    0    0
   0    3    0  286    0    0    0    0  286    0    0  286  282    0  246  285    0  286    0    0   36  286    0    0
   0  286  286  286    0  286  260    0  286   35  286  286  286    1  286  286  284  286  286  286  286  286  286    0
Objective value: 2.7972027972027718

COMPONENT 3
Central permutation
8 9 2 3 20 6 1 11 22 10 19 23 15 12 17 4 18 5 16 14 24 13 7 21
Weight
0.143
Pairwise count matrix
   0    0    0  143  143   17  143    0    0  143  122  143  143  143  143  143  143  143  143    0  143  143  143  143
 143    0  123  143  143  143  143    3   14  143  143  143  143  143  143  143  143  143  143  139  143  143  143  143
 143   20    0  143  143  143  143    0    1  143  143  143  143  143  143  143  143  143  143  128  143  143  143  143
   0    0    0    0  142    0  143    0    0    0    0    0  143  143    0  143   16  133    0    0  143    0    0  143
   0    0    0    1    0    0  143    0    0    0    0    0  143  143    0  132    0   19    0    0  143    0    0  143
 126    0    0  143  143    0  143    0    0  143  143  143  143  143  143  143  143  143  143   12  143  143  143  143
   0    0    0    0    0    0    0    0    0    0    0    0   18    0    0    0    0    0    0    0  128    0    0    1
 143  140  143  143  143  143  143    0  117  143  143  143  143  143  143  143  143  143  143  143  143  143  143  143
 143  129  142  143  143  143  143   26    0  143  143  143  143  143  143  143  143  143  143  142  143  143  143  143
   0    0    0  143  143    0  143    0    0    0    1  143  143  143  143  143  143  143  122    0  143   10  142  143
  21    0    0  143  143    0  143    0    0  142    0  143  143  143  143  143  143  143  143    0  143  125  143  143
   0    0    0  143  143    0  143    0    0    0    0    0  143  143   18  143  125  143    0    0  143    0    1  143
   0    0    0    0    0    0  125    0    0    0    0    0    0    0    0    0    0    0    0    0  143    0    0   14
   0    0    0    0    0    0  143    0    0    0    0    0  143    0    0    8    0    0    0    0  143    0    0  124
   0    0    0  143  143    0  143    0    0    0    0  125  143  143    0  143  143  143    2    0  143    0   10  143
   0    0    0    0   11    0  143    0    0    0    0    0  143  135    0    0    0    4    0    0  143    0    0  142
   0    0    0  127  143    0  143    0    0    0    0   18  143  143    0  143    0  143    0    0  143    0    0  143
   0    0    0   10  124    0  143    0    0    0    0    0  143  143    0  139    0    0    0    0  143    0    0  143
   0    0    0  143  143    0  143    0    0   21    0  143  143  143  141  143  143  143    0    0  143    2  127  143
 143    4   15  143  143  131  143    0    1  143  143  143  143  143  143  143  143  143  143    0  143  143  143  143
   0    0    0    0    0    0   15    0    0    0    0    0    0    0    0    0    0    0    0    0    0    0    0    0
   0    0    0  143  143    0  143    0    0  133   18  143  143  143  143  143  143  143  141    0  143    0  143  143
   0    0    0  143  143    0  143    0    0    1    0  142  143  143  133  143  143  143   16    0  143    0    0  143
   0    0    0    0    0    0  142    0    0    0    0    0  129   19    0    1    0    0    0    0  143    0    0    0
Objective value: 2.720279720279734

TOTAL OBJECTIVE VALUE: 2.7819999999999823
