Random seed: 12345

COMPONENT 1
Central permutation
22 20 15 14 11 19 4 2 1 23 7 8 12 6 10 24 18 17 13 9 21 5 16 3
Weight
0.334
Pairwise count matrix
   0   34  334    3  334  334  334  333  334  334    0  334  334    0    0  334  334  334    0    0  334    0  298  334
 300    0  334   29  334  334  334  334  334  334    0  334  334    0    0  334  334  334    3    0  334    0  329  334
   0    0    0    0    2    0    0    0    0    0    0    0    0    0    0   45    0    0    0    0    0    0    0    0
 331  305  334    0  334  334  334  334  334  334    5  334  334    0    0  334  334  334   38    0  334    0  334  334
   0    0  332    0    0    0    0    0    1    0    0    0    0    0    0  304    0    0    0    0   39    0    0    0
   0    0  334    0  334    0    0    2  334  297    0   38  334    0    0  334  334  334    0    0  334    0    0  329
   0    0  334    0  334  334    0  300  334  334    0  331  334    0    0  334  334  334    0    0  334    0   34  334
   1    0  334    0  334  332   34    0  334  334    0  286  334    0    0  334  334  334    0    0  334    0    2  334
   0    0  334    0  333    0    0    0    0    0    0    0   26    0    0  333    4    0    0    0  300    0    0    0
   0    0  334    0  334   37    0    0  334    0    0    5  334    0    0  334  334  332    0    0  334    0    0  300
 334  334  334  329  334  334  334  334  334  334    0  334  334   40    0  334  334  334  301    0  334    0  334  334
   0    0  334    0  334  296    3   48  334  329    0    0  334    0    0  334  334  334    0    0  334    0    0  334
   0    0  334    0  334    0    0    0  308    0    0    0    0    0    0  334   42    2    0    0  334    0    0    0
 334  334  334  334  334  334  334  334  334  334  294  334  334    0   30  334  334  334  330    6  334    0  334  334
 334  334  334  334  334  334  334  334  334  334  334  334  334  304    0  334  334  334  334   44  334    3  334  334
   0    0  289    0   30    0    0    0    1    0    0    0    0    0    0    0    0    0    0    0    4    0    0    0
   0    0  334    0  334    0    0    0  330    0    0    0  292    0    0  334    0   29    0    0  334    0    0    5
   0    0  334    0  334    0    0    0  334    2    0    0  332    0    0  334  305    0    0    0  334    0    0   40
 334  331  334  296  334  334  334  334  334  334   33  334  334    4    0  334  334  334    0    0  334    0  334  334
 334  334  334  334  334  334  334  334  334  334  334  334  334  328  290  334  334  334  334    0  334   38  334  334
   0    0  334    0  295    0    0    0   34    0    0    0    0    0    0  330    0    0    0    0    0    0    0    0
 334  334  334  334  334  334  334  334  334  334  334  334  334  334  331  334  334  334  334  296  334    0  334  334
  36    5  334    0  334  334  300  332  334  334    0  334  334    0    0  334  334  334    0    0  334    0    0  334
   0    0  334    0  334    5    0    0  334   34    0    0  334    0    0  334  329  294    0    0  334    0    0    0
Objective value: 2.6946107784431206

COMPONENT 2
Central permutation
16 22 1 20 17 24 9 6 19 2 5 10 21 13 11 4 3 12 14 23 8 7 15 18
Weight
0.333
Pairwise count matrix
   0  333  333  333  333  333  333  333  333  333  333  333  333  333  333    2  331  333  333  306  333   27  333  333
   0    0  333  333  291    5  333  333    0  327  333  333  333  333  333    0    0  333   38    0  333    0  333    0
   0    0    0   41    0    0  333  333    0    0    4  306    0  330  333    0    0  333    0    0    0    0  333    0
   0    0  292    0    0    0  333  333    0    0   48  331    2  333  333    0    0  333    0    0    0    0  333    0
   0   42  333  333    0    0  333  333    0  296  333  333  333  333  333    0    0  333    5    0  328    0  333    0
   0  328  333  333  333    0  333  333   35  333  333  333  333  333  333    0    0  333  300    0  333    0  333    5
   0    0    0    0    0    0    0   36    0    0    0    0    0    0  305    0    0  331    0    0    0    0    0    0
   0    0    0    0    0    0  297    0    0    0    0    0    0    6  333    0    0  333    0    0    0    0   39    0
   0  333  333  333  333  298  333  333    0  333  333  333  333  333  333    0    1  333  329    0  333    0  333   52
   0    6  333  333   37    0  333  333    0    0  332  333  328  333  333    0    0  333    0    0  293    0  333    0
   0    0  329  285    0    0  333  333    0    1    0  333   41  333  333    0    0  333    0    0    2    0  333    0
   0    0   27    2    0    0  333  333    0    0    0    0    0  299  333    0    0  333    0    0    0    0  332    0
   0    0  333  331    0    0  333  333    0    5  292  333    0  333  333    0    0  333    0    0   42    0  333    0
   0    0    3    0    0    0  333  327    0    0    0   34    0    0  333    0    0  333    0    0    0    0  303    0
   0    0    0    0    0    0   28    0    0    0    0    0    0    0    0    0    0  296    0    0    0    0    0    0
 331  333  333  333  333  333  333  333  333  333  333  333  333  333  333    0  333  333  333  333  333  281  333  333
   2  333  333  333  333  333  333  333  332  333  333  333  333  333  333    0    0  333  333   47  333    0  333  308
   0    0    0    0    0    0    2    0    0    0    0    0    0    0   37    0    0    0    0    0    0    0    0    0
   0  295  333  333  328   33  333  333    4  333  333  333  333  333  333    0    0  333    0    0  333    0  333    0
  27  333  333  333  333  333  333  333  333  333  333  333  333  333  333    0  286  333  333    0  333    2  333  327
   0    0  333  333    5    0  333  333    0   40  331  333  291  333  333    0    0  333    0    0    0    0  333    0
 306  333  333  333  333  333  333  333  333  333  333  333  333  333  333   52  333  333  333  331  333    0  333  333
   0    0    0    0    0    0  333  294    0    0    0    1    0   30  333    0    0  333    0    0    0    0    0    0
   0  333  333  333  333  328  333  333  281  333  333  333  333  333  333    0   25  333  333    6  333    0  333    0
Objective value: 2.789789789789779

COMPONENT 3
Central permutation
10 7 11 5 17 21 19 4 3 2 14 18 8 20 15 24 22 1 23 9 16 12 6 13
Weight
0.333
Pairwise count matrix
   0    0    0    0    0  333    0    0  333    0    0  333  333    0    0  333    0    0    0    0    0   31  296    7
 333    0   37    6    0  333    0  332  333    0    0  333  333  292  333  333    0  329    1  333    0  333  333  333
 333  296    0   42    0  333    0  333  333    0    0  333  333  330  333  333    0  333    5  333    0  333  333  333
 333  327  291    0    0  333    0  333  333    0    0  333  333  333  333  333    1  333   32  333    4  333  333  333
 333  333  333  333    0  333    5  333  333    0   44  333  333  333  333  333  297  333  333  333  332  333  333  333
   0    0    0    0    0    0    0    0    0    0    0   37  295    0    0    3    0    0    0    0    0    0    0    0
 333  333  333  333  328  333    0  333  333   48  300  333  333  333  333  333  333  333  333  333  333  333  333  333
 333    1    0    0    0  333    0    0  333    0    0  333  333    2  331  333    0   37    0  300    0  333  333  333
   0    0    0    0    0  333    0    0    0    0    0  329  333    0    0  287    0    0    0    0    0    0   26    0
 333  333  333  333  333  333  285  333  333    0  328  333  333  333  333  333  333  333  333  333  333  333  333  333
 333  333  333  333  289  333   33  333  333    5    0  333  333  333  333  333  333  333  333  333  333  333  333  333
   0    0    0    0    0  296    0    0    4    0    0    0  332    0    0   34    0    0    0    0    0    0    0    0
   0    0    0    0    0   38    0    0    0    0    0    1    0    0    0    0    0    0    0    0    0    0    0    0
 333   41    3    0    0  333    0  331  333    0    0  333  333    0  333  333    0  297    0  333    0  333  333  333
 333    0    0    0    0  333    0    2  333    0    0  333  333    0    0  333    0    0    0   37    0  329  333  293
   0    0    0    0    0  330    0    0   46    0    0  299  333    0    0    0    0    0    0    0    0    0    4    0
 333  333  333  332   36  333    0  333  333    0    0  333  333  333  333  333    0  333  329  333  296  333  333  333
 333    4    0    0    0  333    0  296  333    0    0  333  333   36  333  333    0    0    0  330    0  333  333  333
 333  332  328  301    0  333    0  333  333    0    0  333  333  333  333  333    4  333    0  333   46  333  333  333
 333    0    0    0    0  333    0   33  333    0    0  333  333    0  296  333    0    3    0    0    0  333  333  331
 333  333  333  329    1  333    0  333  333    0    0  333  333  333  333  333   37  333  287  333    0  333  333  333
 302    0    0    0    0  333    0    0  333    0    0  333  333    0    4  333    0    0    0    0    0    0  332   32
  37    0    0    0    0  333    0    0  307    0    0  333  333    0    0  329    0    0    0    0    0    1    0    0
 326    0    0    0    0  333    0    0  333    0    0  333  333    0   40  333    0    0    0    2    0  301  333    0
Objective value: 2.801801801801787

TOTAL OBJECTIVE VALUE: 2.7620000000000005
