Random seed: 12345

COMPONENT 1
Central permutation
6 13 11 10 8 15 16 7 2 21 20 9 3 1 22 12 19 14 24 18 23 4 17 5
Weight
0.533
Pairwise count matrix
   0    7  180  533  533    0    1    0   84    0    0  439    0  516    0    0  533  532  491   44   18  342  532  524
 526    0  510  533  533    0  156   18  474    6    1  533    0  533   45  108  533  533  533  440  349  531  533  533
 353   23    0  533  533    0    7    0  180    0    0  482    0  526    0    2  533  532  509  102   58  421  533  531
   0    0    0    0  410    0    0    0    0    0    0    1    0   22    0    0  355  105    6    0    0    1  199   46
   0    0    0  123    0    0    0    0    0    0    0    0    0    7    0    0  178   28    0    0    0    0   65   10
 533  533  533  533  533    0  533  509  533  458  392  533  315  533  521  532  533  533  533  533  533  533  533  533
 532  377  526  533  533    0    0   47  510   24    8  533    2  533  102  189  533  533  533  495  445  533  533  533
 533  515  533  533  533   24  486    0  533  172   84  533   47  533  348  443  533  533  533  529  525  533  533  533
 449   59  353  533  533    0   23    0    0    0    0  517    0  532    0    4  533  533  525  177  102  481  533  533
 533  527  533  533  533   75  509  361  533    0  177  533  105  533  434  492  533  533  533  532  530  533  533  533
 533  532  533  533  533  141  525  449  533  356    0  533  176  533  489  519  533  533  533  533  530  533  533  533
  94    0   51  532  533    0    0    0   16    0    0    0    0  431    0    0  532  514  353    6    2  165  529  482
 533  533  533  533  533  218  531  486  533  428  357  533    0  533  511  524  533  533  533  533  533  533  533  533
  17    0    7  511  526    0    0    0    1    0    0  102    0    0    0    0  526  421  171    0    0   56  488  366
 533  488  533  533  533   12  431  185  533   99   44  533   22  533    0  373  533  533  533  529  511  533  533  533
 533  425  531  533  533    1  344   90  529   41   14  533    9  533  160    0  533  533  533  514  487  533  533  533
   0    0    0  178  355    0    0    0    0    0    0    1    0    7    0    0    0   53    0    0    0    0  115   21
   1    0    1  428  505    0    0    0    0    0    0   19    0  112    0    0  480    0   44    0    0    9  366  182
  42    0   24  527  533    0    0    0    8    0    0  180    0  362    0    0  533  489    0    3    0   88  519  442
 489   93  431  533  533    0   38    4  356    1    0  527    0  533    4   19  533  533  530    0  172  508  533  533
 515  184  475  533  533    0   88    8  431    3    3  531    0  533   22   46  533  533  533  361    0  526  533  533
 191    2  112  532  533    0    0    0   52    0    0  368    0  477    0    0  533  524  445   25    7    0  532  508
   1    0    0  334  468    0    0    0    0    0    0    4    0   45    0    0  418  167   14    0    0    1    0   97
   9    0    2  487  523    0    0    0    0    0    0   51    0  167    0    0  512  351   91    0    0   25  436    0
Objective value: 14.98686679174483

COMPONENT 2
Central permutation
21 14 15 2 24 16 22 20 13 9 5 4 11 10 17 19 1 18 23 6 8 3 12 7
Weight
0.267
Pairwise count matrix
   0    0  262    4    0  245  266  262    1   26    9  267    0    0    0    0   46  186   80    0    0    0  230    0
 267    0  267  267  266  267  267  267  267  267  267  267  265   51   87  216  267  267  267  257   33  235  267  179
   5    0    0    0    0   46  187   91    0    1    0  168    0    0    0    0    0    9    5    0    0    0   31    0
 263    0  267    0   86  267  267  267   64  208  173  267   30    0    0    2  240  265  253   15    0    5  267    0
 267    1  267  181    0  267  267  267   87  244  209  267   47    0    0    4  259  266  261   21    0   10  267    1
  22    0  221    0    0    0  246  178    0    0    0  238    0    0    0    0    2   54   13    0    0    0  101    0
   1    0   80    0    0   21    0   36    0    0    0  102    0    0    0    0    0    3    0    0    0    0    6    0
   5    0  176    0    0   89  231    0    0    0    0  213    0    0    0    0    1   28    3    0    0    0   52    0
 266    0  267  203  180  267  267  267    0  257  246  267   82    0    0    7  266  267  266   45    0   25  267    4
 241    0  266   59   23  267  267  267   10    0   79  267    8    0    0    0  182  259  220    0    0    0  264    0
 258    0  267   94   58  267  267  267   21  188    0  267    9    0    0    1  224  266  242    1    0    1  267    0
   0    0   99    0    0   29  165   54    0    0    0    0    0    0    0    0    0    2    0    0    0    0   14    0
 267    2  267  237  220  267  267  267  185  259  258  267    0    0    0   18  265  267  267   86    0   54  267   12
 267  216  267  267  267  267  267  267  267  267  267  267  267    0  178  254  267  267  267  265  106  262  267  241
 267  180  267  267  267  267  267  267  267  267  267  267  267   89    0  242  267  267  267  265   66  260  267  213
 267   51  267  265  263  267  267  267  260  267  266  267  249   13   25    0  267  267  267  222    7  175  267   92
 221    0  267   27    8  265  267  266    1   85   43  267    2    0    0    0    0  245  169    0    0    0  255    0
  81    0  258    2    1  213  264  239    0    8    1  265    0    0    0    0   22    0   39    0    0    0  177    0
 187    0  262   14    6  254  267  264    1   47   25  267    0    0    0    0   98  228    0    0    0    0  245    0
 267   10  267  252  246  267  267  267  222  267  266  267  181    2    2   45  267  267  267    0    1   82  267   28
 267  234  267  267  267  267  267  267  267  267  267  267  267  161  201  260  267  267  267  266    0  263  267  258
 267   32  267  262  257  267  267  267  242  267  266  267  213    5    7   92  267  267  267  185    4    0  267   53
  37    0  236    0    0  166  261  215    0    3    0  253    0    0    0    0   12   90   22    0    0    0    0    0
 267   88  267  267  266  267  267  267  263  267  267  267  255   26   54  175  267  267  267  239    9  214  267    0
Objective value: 15.273408239700359

COMPONENT 3
Central permutation
18 10 17 4 9 20 19 15 12 22 13 23 11 7 21 2 8 1 5 6 24 14 3 16
Weight
0.133
Pairwise count matrix
   0   21  131    0   86  106    7   47    0    0    2    0    0  129    0  133    0    0    0    0   12    0    1  126
 112    0  133    0  120  125   21   85    0    0   10    0    1  133    0  132    0    0    0    0   43    1    3  133
   2    0    0    0    3   15    0    2    0    0    0    0    0   57    0   92    0    0    0    0    0    0    0   30
 133  133  133    0  133  133  133  133   89   29  133  131  133  133  128  133   49   17  124  103  133  133  133  133
  47   13  130    0    0   96    3   29    0    0    1    0    0  120    0  131    0    0    0    0    7    0    0  116
  27    8  118    0   37    0    0   16    0    0    0    0    0  106    0  126    0    0    0    0    3    0    0   91
 126  112  133    0  130  133    0  123    0    0   46    0   16  133    2  133    0    0    0    0   95    4   19  132
  86   48  131    0  104  117   10    0    0    0    4    0    2  132    0  133    0    0    0    0   29    1    3  131
 133  133  133   44  133  133  133  133    0   13  133  128  132  133  117  133   28    6  114   84  133  132  133  133
 133  133  133  104  133  133  133  133  120    0  133  133  133  133  133  133   98   59  133  130  133  133  133  133
 131  123  133    0  132  133   87  129    0    0    0    6   25  133    2  133    0    0    0    0  106   10   51  133
 133  133  133    2  133  133  133  133    5    0  127    0  106  133   43  133    0    0   19    6  129   88  121  133
 133  132  133    0  133  133  117  131    1    0  108   27    0  133   11  133    0    0    7    0  130   44   90  133
   4    0   76    0   13   27    0    1    0    0    0    0    0    0    0  101    0    0    0    0    1    0    0   46
 133  133  133    5  133  133  131  133   16    0  131   90  122  133    0  133    2    0   43   17  133  113  130  133
   0    1   41    0    2    7    0    0    0    0    0    0    0   32    0    0    0    0    0    0    0    0    0   24
 133  133  133   84  133  133  133  133  105   35  133  133  133  133  131  133    0   28  129  116  133  133  133  133
 133  133  133  116  133  133  133  133  127   74  133  133  133  133  133  133  105    0  132  130  133  133  133  133
 133  133  133    9  133  133  133  133   19    0  133  114  126  133   90  133    4    1    0   42  133  119  132  133
 133  133  133   30  133  133  133  133   49    3  133  127  133  133  116  133   17    3   91    0  133  132  133  133
 121   90  133    0  126  130   38  104    0    0   27    4    3  132    0  133    0    0    0    0    0    0   11  132
 133  132  133    0  133  133  129  132    1    0  123   45   89  133   20  133    0    0   14    1  133    0  111  133
 132  130  133    0  133  133  114  130    0    0   82   12   43  133    3  133    0    0    1    0  122   22    0  133
   7    0  103    0   17   42    1    2    0    0    0    0    0   87    0  109    0    0    0    0    1    0    0    0
Objective value: 14.992481203007515

COMPONENT 4
Central permutation
13 22 3 14 5 18 24 15 20 9 17 16 2 12 6 1 23 10 21 19 4 11 7 8
Weight
0.067
Pairwise count matrix
   0    5    0   67    0   24   67   67    1   49   66   14    0    0    0    0    1    0   66    0   64    0   45    0
  62    0    0   67    0   52   67   67    9   65   67   48    0    0    4   25   15    0   67    2   67    0   65    0
  67   67    0   67   54   67   67   67   67   67   67   67   16   47   66   67   67   64   67   67   67   20   67   61
   0    0    0    0    0    0   53   58    0    5   42    0    0    0    0    0    0    0   17    0    8    0    1    0
  67   67   13   67    0   67   67   67   67   67   67   67    3   28   63   67   67   54   67   65   67    3   67   58
  43   15    0   67    0    0   67   67    1   62   67   20    0    0    0    5    2    0   65    0   67    0   53    0
   0    0    0   14    0    0    0   50    0    2   28    0    0    0    0    0    0    0   11    0    2    0    0    0
   0    0    0    9    0    0   17    0    0    0   17    0    0    0    0    0    0    0    3    0    2    0    0    0
  66   58    0   67    0   66   67   67    0   67   67   61    0    0   13   53   41    2   67   24   67    0   66    6
  18    2    0   62    0    5   65   67    0    0   65    3    0    0    0    2    1    0   60    1   48    0   20    0
   1    0    0   25    0    0   39   50    0    2    0    0    0    0    0    0    0    0   11    0    4    0    1    0
  53   19    0   67    0   47   67   67    6   64   67    0    0    0    0   16    9    0   67    1   67    0   61    0
  67   67   51   67   64   67   67   67   67   67   67   67    0   63   67   67   67   64   67   67   67   32   67   67
  67   67   20   67   39   67   67   67   67   67   67   67    4    0   64   67   66   58   67   65   67    4   67   57
  67   63    1   67    4   67   67   67   54   67   67   67    0    3    0   62   58   12   67   40   67    0   67   18
  67   42    0   67    0   62   67   67   14   65   67   51    0    0    5    0   15    0   67    4   67    0   67    0
  66   52    0   67    0   65   67   67   26   66   67   58    0    1    9   52    0    2   67   15   67    0   66    2
  67   67    3   67   13   67   67   67   65   67   67   67    3    9   55   67   65    0   67   57   67    1   67   37
   1    0    0   50    0    2   56   64    0    7   56    0    0    0    0    0    0    0    0    0   20    0    7    0
  67   65    0   67    2   67   67   67   43   66   67   66    0    2   27   63   52   10   67    0   67    0   67    9
   3    0    0   59    0    0   65   65    0   19   63    0    0    0    0    0    0    0   47    0    0    0   11    0
  67   67   47   67   64   67   67   67   67   67   67   67   35   63   67   67   67   66   67   67   67    0   67   67
  22    2    0   66    0   14   67   67    1   47   66    6    0    0    0    0    1    0   60    0   56    0    0    0
  67   67    6   67    9   67   67   67   61   67   67   67    0   10   49   67   65   30   67   58   67    0   67    0
Objective value: 14.895522388059703

TOTAL OBJECTIVE VALUE: 15.057999999999993
