Random seed: 12345

COMPONENT 1
Central permutation
10 4 12 2 6 9 8 7 3 5 11 1
Weight
0.334
Pairwise count matrix
   0    0    0    0    0    0    0    0    0    0   30    0
 334    0  334    0  334  306  334  334  334    0  334   24
 334    0    0    0  306    0   28    0    0    0  334    0
 334  334  334    0  334  334  334  334  334   35  334  303
 334    0   28    0    0    0    0    0    0    0  303    0
 334   28  334    0  334    0  334  334  305    0  334    0
 334    0  306    0  334    0    0   38    0    0  334    0
 334    0  334    0  334    0  296    0   32    0  334    0
 334    0  334    0  334   29  334  302    0    0  334    0
 334  334  334  299  334  334  334  334  334    0  334  334
 304    0    0    0   31    0    0    0    0    0    0    0
 334  310  334   31  334  334  334  334  334    0  334    0
Objective value: 1.0

COMPONENT 2
Central permutation
6 9 10 1 7 3 2 5 4 11 8 12
Weight
0.333
Pairwise count matrix
   0  333  333  333  333    0  309  333    0   31  333  333
   0    0   26  333  291    0    0  333    0    0  333  333
   0  307    0  333  333    0   32  333    0    0  333  333
   0    0    0    0   32    0    0  333    0    0  307  333
   0   42    0  301    0    0    0  333    0    0  333  333
 333  333  333  333  333    0  333  333  303  333  333  333
  24  333  301  333  333    0    0  333    0    0  333  333
   0    0    0    0    0    0    0    0    0    0   26  304
 333  333  333  333  333   30  333  333    0  298  333  333
 302  333  333  333  333    0  333  333   35    0  333  333
   0    0    0   26    0    0    0  307    0    0    0  333
   0    0    0    0    0    0    0   29    0    0    0    0
Objective value: 1.0

COMPONENT 3
Central permutation
3 7 12 4 5 6 8 10 2 11 1 9
Weight
0.333
Pairwise count matrix
   0    0    0    0    0    0    0    0  300    0   36    0
 333    0    0    0    0    0    0    0  333   26  314    0
 333  333    0  333  333  333  296  333  333  333  333  333
 333  333    0    0  295  333    0  333  333  333  333   35
 333  333    0   38    0  312    0  333  333  333  333    0
 333  333    0    0   21    0    0  302  333  333  333    0
 333  333   37  333  333  333    0  333  333  333  333  304
 333  333    0    0    0   31    0    0  333  305  333    0
  33    0    0    0    0    0    0    0    0    0    0    0
 333  307    0    0    0    0    0   28  333    0  333    0
 297   19    0    0    0    0    0    0  333    0    0    0
 333  333    0  298  333  333   29  333  333  333  333    0
Objective value: 1.0

TOTAL OBJECTIVE VALUE: 1.0
