Random seed: 12345

COMPONENT 1
Central permutation
1 7 3 8 9 10 5 12 11 4 6 2
Weight
0.533
Pairwise count matrix
   0  533  462  533  533  533  348  515  530  533  533  533
   0    0    0   76    0  163    0    0    0    0   28   11
  71  533    0  533  527  533  133  389  482  513  533  533
   0  457    0    0   16  382    0    0    0    5  157   64
   0  533    6  517    0  531    1   24   72  148  478  404
   0  370    0  151    2    0    0    0    0    0   71   16
 185  533  400  533  532  533    0  483  518  529  533  533
  18  533  144  533  509  533   50    0  382  479  532  531
   3  533   51  533  461  533   15  151    0  386  531  523
   0  533   20  528  385  533    4   54  147    0  517  481
   0  505    0  376   55  462    0    1    2   16    0  145
   0  522    0  469  129  517    0    2   10   52  388    0
Objective value: 4.632270168855534

COMPONENT 2
Central permutation
3 10 9 6 4 11 12 1 2 7 8 5
Weight
0.267
Pairwise count matrix
   0  202    0   12  263    3  235  254    0    0   19   75
  65    0    0    3  261    1  190  236    0    0   13   35
 267  267    0  264  267  257  267  267  233  185  267  267
 255  264    3    0  267   66  266  267   26    9  194  239
   4    6    0    0    0    0   32   82    0    0    0    0
 264  266   10  201  267    0  267  267   86   31  240  258
  32   77    0    1  235    0    0  197    0    0    3   11
  13   31    0    0  185    0   70    0    0    0    0    4
 267  267   34  241  267  181  267  267    0   75  261  266
 267  267   82  258  267  236  267  267  192    0  267  267
 248  254    0   73  267   27  264  267    6    0    0  204
 192  232    0   28  267    9  256  263    1    0   63    0
Objective value: 4.5730337078651715

COMPONENT 3
Central permutation
2 7 11 10 3 8 5 9 6 12 1 4
Weight
0.133
Pairwise count matrix
   0    0    0   93    1   12    0    0    9    0    0   38
 133    0  131  133  133  133  104  133  133  130  118  133
 133    2    0  133  117  133    4   95  128   41   24  133
  40    0    0    0    0    8    0    0    3    0    0   16
 132    0   16  133    0  114    0   42   95    6    2  129
 121    0    0  125   19    0    0    4   49    0    0  103
 133   29  129  133  133  133    0  133  133  111   95  133
 133    0   38  133   91  129    0    0  118   10    6  131
 124    0    5  130   38   84    0   15    0    1    0  117
 133    3   92  133  127  133   22  123  132    0   37  133
 133   15  109  133  131  133   38  127  133   96    0  133
  95    0    0  117    4   30    0    2   16    0    0    0
Objective value: 4.849624060150376

COMPONENT 4
Central permutation
1 3 12 5 11 10 7 6 9 8 2 4
Weight
0.067
Pairwise count matrix
   0   67   41   67   64   67   67   67   67   67   67   57
   0    0    0   47    0    2    0   19    9    0    0    0
  26   67    0   67   57   67   67   67   67   66   63   52
   0   20    0    0    0    1    0   11    3    0    0    0
   3   67   10   67    0   67   63   67   67   62   53   24
   0   65    0   66    0    0   15   58   48    8    1    0
   0   67    0   67    4   52    0   64   58   20    9    2
   0   48    0   56    0    9    3    0   25    0    0    0
   0   58    0   64    0   19    9   42    0    1    0    0
   0   67    1   67    5   59   47   67   66    0   20    1
   0   67    4   67   14   66   58   67   67   47    0   10
  10   67   15   67   43   67   65   67   67   66   57    0
Objective value: 4.970149253731343

TOTAL OBJECTIVE VALUE: 4.667999999999999
