Random seed: 12345

COMPONENT 1
Central permutation
20 11 3 23 13 5 14 12 22 15 8 4 17 10 1 2 24 16 18 6 19 7 9 21
Weight
0.533
Pairwise count matrix
   0  389    0   21    0  533  533    3  533  135    0    0    0    0    0  513   52  525  533    0  533    0    0  473
 144    0    0    3    0  530  533    1  533   44    0    0    0    0    0  469   11  509  533    0  533    0    0  371
 533  533    0  533  519  533  533  533  533  533  126  532  480  531  533  533  533  533  533   70  533  533  398  533
 512  530    0    0    0  533  533  144  533  468    0    9    0    3   56  533  405  533  533    0  533   17    0  532
 533  533   14  533    0  533  533  533  533  533    5  467  125  391  528  533  533  533  533    0  533  513   33  533
   0    3    0    0    0    0  483    0  516    0    0    0    0    0    0   53    0  122  393    0  531    0    0    9
   0    0    0    0    0   50    0    0  386    0    0    0    0    0    0    5    0   10  128    0  465    0    0    1
 530  532    0  389    0  533  533    0  533  509    0   16    0    5  139  533  480  533  533    0  533   52    0  533
   0    0    0    0    0   17  147    0    0    0    0    0    0    0    0    0    0    5   52    0  378    0    0    0
 398  489    0   65    0  533  533   24  533    0    0    0    0    0    3  530  146  531  533    0  533    2    0  515
 533  533  407  533  528  533  533  533  533  533    0  533  518  532  533  533  533  533  533  184  533  533  480  533
 533  533    1  524   66  533  533  517  533  533    0    0   15  144  476  533  532  533  533    0  533  388    5  533
 533  533   53  533  408  533  533  533  533  533   15  518    0  474  532  533  533  533  533    7  533  531  140  533
 533  533    2  530  142  533  533  528  533  533    1  389   59    0  515  533  533  533  533    0  533  464   16  533
 533  533    0  477    5  533  533  394  533  530    0   57    1   18    0  533  515  533  533    0  533  130    0  533
  20   64    0    0    0  480  528    0  533    3    0    0    0    0    0    0    0  369  514    0  533    0    0  118
 481  522    0  128    0  533  533   53  533  387    0    1    0    0   18  533    0  533  533    0  533    2    0  531
   8   24    0    0    0  411  523    0  528    2    0    0    0    0    0  164    0    0  480    0  533    0    0   60
   0    0    0    0    0  140  405    0  481    0    0    0    0    0    0   19    0   53    0    0  511    0    0    6
 533  533  463  533  533  533  533  533  533  533  349  533  526  533  533  533  533  533  533    0  533  533  515  533
   0    0    0    0    0    2   68    0  155    0    0    0    0    0    0    0    0    0   22    0    0    0    0    0
 533  533    0  516   20  533  533  481  533  531    0  145    2   69  403  533  531  533  533    0  533    0    0  533
 533  533  135  533  500  533  533  533  533  533   53  528  393  517  533  533  533  533  533   18  533  533    0  533
  60  162    0    1    0  524  532    0  533   18    0    0    0    0    0  415    2  473  527    0  533    0    0    0
Objective value: 9.279549718574117

COMPONENT 2
Central permutation
22 7 5 4 24 17 11 12 20 3 6 10 2 1 18 9 15 19 21 23 8 13 16 14
Weight
0.267
Pairwise count matrix
   0   72    4    0    0   11    0  267  245   32    0    1  267  267  264  267    0  189  264    0  267    0  267    0
 195    0    9    0    0   36    0  267  259   62    1    1  267  267  267  267    0  239  266    2  267    0  267    0
 263  258    0    0    0  191    0  267  267  249    9   34  267  267  267  267    5  267  267   71  267    0  267    1
 267  267  267    0   90  267   29  267  267  267  258  263  267  267  267  267  245  267  267  267  267   10  267  192
 267  267  267  177    0  267   74  267  267  267  263  267  267  267  267  267  257  267  267  267  267   30  267  233
 256  231   76    0    0    0    0  267  267  192    2   10  267  267  267  267    0  266  267   26  267    0  267    0
 267  267  267  238  193  267    0  267  267  267  267  266  267  267  267  267  266  267  267  267  267   66  267  257
   0    0    0    0    0    0    0    0    0    0    0    0  196  255    3  229    0    0   13    0   25    0   69    0
  22    8    0    0    0    0    0  267    0    2    0    0  267  267  195  267    0   55  240    0  264    0  267    0
 235  205   18    0    0   75    0  267  265    0    0    3  267  267  267  267    0  261  267    5  267    0  267    0
 267  266  258    9    4  265    0  267  267  267    0  178  267  267  267  267   64  267  267  231  267    0  267   26
 266  266  233    4    0  257    1  267  267  264   89    0  267  267  267  267   30  267  267  201  267    0  267    6
   0    0    0    0    0    0    0   71    0    0    0    0    0  235    0  196    0    0    4    0    9    0   23    0
   0    0    0    0    0    0    0   12    0    0    0    0   32    0    0   95    0    0    0    0    1    0    2    0
   3    0    0    0    0    0    0  264   72    0    0    0  267  267    0  267    0   16  198    0  248    0  259    0
   0    0    0    0    0    0    0   38    0    0    0    0   71  172    0    0    0    0    0    0    1    0    7    0
 267  267  262   22   10  267    1  267  267  267  203  237  267  267  267  267    0  267  267  257  267    0  267   76
  78   28    0    0    0    1    0  267  212    6    0    0  267  267  251  267    0    0  258    0  266    0  267    0
   3    1    0    0    0    0    0  254   27    0    0    0  263  267   69  267    0    9    0    0  191    0  243    0
 267  265  196    0    0  241    0  267  267  262   36   66  267  267  267  267   10  267  267    0  267    0  267    1
   0    0    0    0    0    0    0  242    3    0    0    0  258  266   19  266    0    1   76    0    0    0  202    0
 267  267  267  257  237  267  201  267  267  267  267  267  267  267  267  267  267  267  267  267  267    0  267  264
   0    0    0    0    0    0    0  198    0    0    0    0  244  265    8  260    0    0   24    0   65    0    0    0
 267  267  266   75   34  267   10  267  267  267  241  261  267  267  267  267  191  267  267  266  267    3  267    0
Objective value: 9.415730337078628

COMPONENT 3
Central permutation
21 11 7 5 23 20 1 6 13 17 8 24 19 10 4 3 15 2 14 12 22 18 9 16
Weight
0.133
Pairwise count matrix
   0  133  133  133    8  103    5  132  133  133    0  133  117  133  133  133  129  133  133   35    0  133   16  133
   0    0   10    0    0    0    0    0  132    1    0  116    0   96   32  133    0  133    0    0    0  130    0    0
   0  123    0   38    0    0    0    0  133   13    0  133    0  132  105  133    0  133    2    0    0  133    0    1
   0  133   95    0    0    0    0    0  133   30    0  132    0  133  120  133    0  133   13    0    0  133    0    1
 125  133  133  133    0  132   30  133  133  133    7  133  132  133  133  133  133  133  133  115    3  133  102  133
  30  133  133  133    1    0    0  129  133  133    0  133   91  133  133  133  114  133  133   12    0  133    5  132
 128  133  133  133  103  133    0  133  133  133   40  133  133  133  133  133  133  133  133  131   19  133  117  133
   1  133  133  133    0    4    0    0  133  132    0  133   13  133  133  133   37  133  118    0    0  133    0   98
   0    1    0    0    0    0    0    0    0    0    0    4    0    0    0   95    0   37    0    0    0   13    0    0
   0  132  120  103    0    0    0    1  133    0    0  133    1  133  129  133    1  133   37    0    0  133    0   11
 133  133  133  133  126  133   93  133  133  133    0  133  133  133  133  133  133  133  133  132   41  133  131  133
   0   17    0    1    0    0    0    0  129    0    0    0    0   29    8  132    0  117    0    0    0   91    0    0
  16  133  133  133    1   42    0  120  133  132    0  133    0  133  133  133  102  133  132    4    0  133    5  126
   0   37    1    0    0    0    0    0  133    0    0  104    0    0   17  132    0  129    0    0    0  115    0    0
   0  101   28   13    0    0    0    0  133    4    0  125    0  116    0  133    0  133    0    0    0  132    0    0
   0    0    0    0    0    0    0    0   38    0    0    1    0    1    0    0    0   13    0    0    0    3    0    0
   4  133  133  133    0   19    0   96  133  132    0  133   31  133  133  133    0  133  126    0    0  133    0  117
   0    0    0    0    0    0    0    0   96    0    0   16    0    4    0  120    0    0    0    0    0   38    0    0
   0  133  131  120    0    0    0   15  133   96    0  133    1  133  133  133    7  133    0    0    0  133    0   35
  98  133  133  133   18  121    2  133  133  133    1  133  129  133  133  133  133  133  133    0    1  133   34  133
 133  133  133  133  130  133  114  133  133  133   92  133  133  133  133  133  133  133  133  132    0  133  132  133
   0    3    0    0    0    0    0    0  120    0    0   42    0   18    1  130    0   95    0    0    0    0    0    0
 117  133  133  133   31  128   16  133  133  133    2  133  128  133  133  133  133  133  133   99    1  133    0  133
   0  133  132  132    0    1    0   35  133  122    0  133    7  133  133  133   16  133   98    0    0  133    0    0
Objective value: 9.263157894736821

COMPONENT 4
Central permutation
14 15 22 12 8 2 21 23 11 19 13 6 24 20 3 10 7 17 4 5 1 9 18 16
Weight
0.067
Pairwise count matrix
   0    0    0    9   18    0    1    0   51    0    0    0    0    0    0   62    1   61    0    0    0    0    0    0
  67    0   67   67   67   67   67   15   67   67   65    9   67    0    0   67   67   67   66   67   52    3   62   67
  67    0    0   67   67    1   63    0   67   56    0    0    0    0    0   67   66   67    0   25    0    0    0   11
  58    0    0    0   52    0   11    0   62    2    0    0    0    0    0   67   19   67    0    0    0    0    0    0
  49    0    0   15    0    0    3    0   58    1    0    0    0    0    0   65    8   63    0    0    0    0    0    0
  67    0   66   67   67    0   67    0   67   67    1    0   14    0    0   67   67   67    6   62    0    0    0   46
  66    0    4   56   64    0    0    0   67   13    0    0    0    0    0   67   47   67    0    4    0    0    0    1
  67   52   67   67   67   67   67    0   67   67   67   24   67    0    3   67   67   67   67   67   64    9   67   67
  16    0    0    5    9    0    0    0    0    0    0    0    0    0    0   53    1   53    0    0    0    0    0    0
  67    0   11   65   66    0   54    0   67    0    0    0    0    0    0   67   63   67    0   12    0    0    0    5
  67    2   67   67   67   66   67    0   67   67    0    0   59    0    0   67   67   67   44   67   11    0   14   66
  67   58   67   67   67   67   67   43   67   67   67    0   67    0   10   67   67   67   67   67   66   17   66   67
  67    0   67   67   67   53   67    0   67   67    8    0    0    0    0   67   67   67   19   66    1    0    4   63
  67   67   67   67   67   67   67   67   67   67   67   67   67    0   47   67   67   67   67   67   67   58   67   67
  67   67   67   67   67   67   67   64   67   67   67   57   67   20    0   67   67   67   67   67   67   50   67   67
   5    0    0    0    2    0    0    0   14    0    0    0    0    0    0    0    0   28    0    0    0    0    0    0
  66    0    1   48   59    0   20    0   66    4    0    0    0    0    0   67    0   67    0    3    0    0    0    0
   6    0    0    0    4    0    0    0   14    0    0    0    0    0    0   39    0    0    0    0    0    0    0    0
  67    1   67   67   67   61   67    0   67   67   23    0   48    0    0   67   67   67    0   67    1    0    6   65
  67    0   42   67   67    5   63    0   67   55    0    0    1    0    0   67   64   67    0    0    0    0    0   16
  67   15   67   67   67   67   67    3   67   67   56    1   66    0    0   67   67   67   66   67    0    1   48   67
  67   64   67   67   67   67   67   58   67   67   67   50   67    9   17   67   67   67   67   67   66    0   67   67
  67    5   67   67   67   67   67    0   67   67   53    1   63    0    0   67   67   67   61   67   19    0    0   66
  67    0   56   67   67   21   66    0   67   62    1    0    4    0    0   67   67   67    2   51    0    0    1    0
Objective value: 9.701492537313413

TOTAL OBJECTIVE VALUE: 9.341999999999985
