Random seed: 12345

COMPONENT 1
Central permutation
19 6 13 18 23 5 2 14 24 8 11 17 4 3 10 15 16 9 20 7 1 12 22 21
Weight
0.25
Pairwise count matrix
   0    0    0    0    0    0   74    0   24    1    0  166    0    0    2    6    0    0    0   45  213  195    0    0
 250    0  249  250   93    3  250  224  250  250  240  250    8  160  250  250  247   24    0  250  250  250   46  209
 250    1    0   85    0    0  246   11  240  182   26  250    0    0  206  221   43    0    0  249  250  250    0    3
 250    0  165    0    0    0  250   18  248  212   54  250    0    1  224  239   77    0    0  250  250  250    0    6
 250  157  250  250    0    9  250  237  250  250  245  250   26  202  250  250  249   37    3  250  250  250   88  231
 250  247  250  250  241    0  250  250  250  250  250  250  154  249  250  250  250  212   85  250  250  250  226  249
 176    0    4    0    0    0    0    0   44    8    0  207    0    0    9   23    0    0    0   85  238  222    0    0
 250   26  239  232   13    0  250    0  250  249  178  250    0   44  250  250  219    2    0  250  250  250    2   89
 226    0   10    2    0    0  206    0    0   29    0  238    0    0   39   84    1    0    0  171  249  244    0    0
 249    0   68   38    0    0  242    1  221    0   10  249    0    0  161  202   21    0    0  242  250  250    0    0
 250   10  224  196    5    0  250   72  250  240    0  250    0   17  242  248  159    0    0  250  250  250    1   39
  84    0    0    0    0    0   43    0   12    1    0    0    0    0    0    2    0    0    0   25  193  177    0    0
 250  242  250  250  224   96  250  250  250  250  250  250    0  249  250  250  250  184   61  250  250  250  210  249
 250   90  250  249   48    1  250  206  250  250  233  250    1    0  249  250  242   12    0  250  250  250   23  172
 248    0   44   26    0    0  241    0  211   89    8  250    0    1    0  171    8    0    0  234  250  250    0    1
 244    0   29   11    0    0  227    0  166   48    2  248    0    0   79    0    9    0    0  209  250  248    0    1
 250    3  207  173    1    0  250   31  249  229   91  250    0    8  242  241    0    0    0  249  250  250    0   21
 250  226  250  250  213   38  250  248  250  250  250  250   66  238  250  250  250    0   26  250  250  250  169  249
 250  250  250  250  247  165  250  250  250  250  250  250  189  250  250  250  250  224    0  250  250  250  246  250
 205    0    1    0    0    0  165    0   79    8    0  225    0    0   16   41    1    0    0    0  245  235    0    0
  37    0    0    0    0    0   12    0    1    0    0   57    0    0    0    0    0    0    0    5    0   92    0    0
  55    0    0    0    0    0   28    0    6    0    0   73    0    0    0    2    0    0    0   15  158    0    0    0
 250  204  250  250  162   24  250  248  250  250  249  250   40  227  250  250  250   81    4  250  250  250    0  244
 250   41  247  244   19    1  250  161  250  250  211  250    1   78  249  249  229    1    0  250  250  250    6    0
Objective value: 14.639999999999986

COMPONENT 2
Central permutation
14 8 20 21 5 10 1 22 4 17 16 7 19 12 15 24 18 6 2 9 13 3 23 11
Weight
0.25
Pairwise count matrix
   0  250  250  200   47  250  248    3  250   72  250  250  250    3  250  244  233  249  249    6   23  162  250  250
   0    0  222    0    0   78    0    0  170    0  247    1  205    0    9    0    0   44    1    0    0    0  243   30
   0   28    0    0    0   13    0    0   46    0  193    0   79    0    0    0    0    3    0    0    0    0  161    2
  50  250  250    0    6  250  228    0  250   23  250  247  250    0  248  204  172  250  240    0    4   76  250  250
 203  250  250  244    0  250  250   23  250  178  250  250  250   15  250  250  246  250  250   34   80  224  250  250
   0  172  237    0    0    0    0    0  201    0  250    9  226    0   25    0    0   82    5    0    0    0  245   55
   2  250  250   22    0  250    0    0  250    1  250  202  250    0  228   87   43  245  174    0    0    5  250  240
 247  250  250  250  227  250  250    0  250  237  250  250  250   99  250  250  250  250  250  163  210  250  250  250
   0   80  204    0    0   49    0    0    0    0  238    1  172    0    2    0    0   22    0    0    0    0  224   10
 178  250  250  227   72  250  249   13  250    0  250  250  250    8  250  248  242  250  250   18   57  208  250  250
   0    3   57    0    0    0    0    0   12    0    0    0   34    0    0    0    0    0    0    0    0    0   96    0
   0  249  250    3    0  241   48    0  249    0  250    0  250    0  173   27   10  225   88    0    0    0  250  207
   0   45  171    0    0   24    0    0   78    0  216    0    0    0    2    0    0    9    0    0    0    0  201    2
 247  250  250  250  235  250  250  151  250  242  250  250  250    0  250  250  250  250  250  191  212  250  250  250
   0  241  250    2    0  225   22    0  248    0  250   77  248    0    0    8    4  188   51    0    0    0  250  167
   6  250  250   46    0  250  163    0  250    2  250  223  250    0  242    0   86  248  206    0    0   24  250  247
  17  250  250   78    4  250  207    0  250    8  250  240  250    0  246  164    0  249  228    0    2   50  250  250
   1  206  247    0    0  168    5    0  228    0  250   25  241    0   62    2    1    0   12    0    0    0  248   98
   1  249  250   10    0  245   76    0  250    0  250  162  250    0  199   44   22  238    0    0    0    5  250  219
 244  250  250  250  216  250  250   87  250  232  250  250  250   59  250  250  250  250  250    0  169  244  250  250
 227  250  250  246  170  250  250   40  250  193  250  250  250   38  250  250  248  250  250   81    0  244  250  250
  88  250  250  174   26  250  245    0  250   42  250  250  250    0  250  226  200  250  245    6    6    0  250  250
   0    7   89    0    0    5    0    0   26    0  154    0   49    0    0    0    0    2    0    0    0    0    0    0
   0  220  248    0    0  195   10    0  240    0  250   43  248    0   83    3    0  152   31    0    0    0  250    0
Objective value: 15.103999999999985

COMPONENT 3
Central permutation
7 9 16 2 14 15 18 5 24 17 22 3 8 12 23 21 13 20 10 1 11 19 6 4
Weight
0.25
Pairwise count matrix
   0    0    0  235    0  227    0    0    0   77  164    0   25    0    0    0    0    0  200   39    8    0    2    0
 250    0  250  250  241  250   40  250   47  250  250  250  250  175  198   90  249  232  250  250  250  250  250  245
 250    0    0  250    6  250    0  171    0  250  250  208  248    0    1    0   38    3  250  250  240   87  224   19
  15    0    0    0    0   93    0    0    0    5   25    0    0    0    0    0    0    0   59    0    0    0    0    0
 250    9  244  250    0  250    0  244    0  250  250  248  250   26   44    1  207   83  250  250  250  227  250  169
  23    0    0  157    0    0    0    0    0   10   43    0    0    0    0    0    0    0   84    2    0    0    0    0
 250  210  250  250  250  250    0  250  143  250  250  250  250  242  247  189  250  245  250  250  250  250  250  249
 250    0   79  250    6  250    0    0    0  249  250  165  244    0    1    0   20    0  250  249  223   44  199    9
 250  203  250  250  250  250  107  250    0  250  250  250  250  228  243  174  250  246  250  250  250  250  250  250
 173    0    0  245    0  240    0    1    0    0  199    4   40    0    0    0    0    0  227   87   19    0    8    0
  86    0    0  225    0  207    0    0    0   51    0    0    7    0    0    0    0    0  170   24    4    0    1    0
 250    0   42  250    2  250    0   85    0  246  250    0  223    0    0    0    7    0  250  244  193   29  176    3
 225    0    2  250    0  250    0    6    0  210  243   27    0    0    0    0    0    0  247  170   78    0   52    0
 250   75  250  250  224  250    8  250   22  250  250  250  250    0  158   37  244  202  250  250  250  247  250  243
 250   52  249  250  206  250    3  249    7  250  250  250  250   92    0   18  240  168  250  250  250  246  250  219
 250  160  250  250  249  250   61  250   76  250  250  250  250  213  232    0  250  241  250  250  250  250  250  248
 250    1  212  250   43  250    0  230    0  250  250  243  250    6   10    0    0   20  250  250  249  172  244   75
 250   18  247  250  167  250    5  250    4  250  250  250  250   48   82    9  230    0  250  250  250  241  250  206
  50    0    0  191    0  166    0    0    0   23   80    0    3    0    0    0    0    0    0    6    0    0    1    0
 211    0    0  250    0  248    0    1    0  163  226    6   80    0    0    0    0    0  244    0   38    0   24    0
 242    0   10  250    0  250    0   27    0  231  246   57  172    0    0    0    1    0  250  212    0    8   82    0
 250    0  163  250   23  250    0  206    0  250  250  221  250    3    4    0   78    9  250  250  242    0  242   38
 248    0   26  250    0  250    0   51    0  242  249   74  198    0    0    0    6    0  249  226  168    8    0    1
 250    5  231  250   81  250    1  241    0  250  250  247  250    7   31    2  175   44  250  250  250  212  249    0
Objective value: 14.783999999999992

COMPONENT 4
Central permutation
8 9 14 11 12 22 19 17 23 7 5 3 6 13 2 24 1 10 15 4 18 16 21 20
Weight
0.25
Pairwise count matrix
   0   45    2  231    1    6    0    0    0  185    0    0   17    0  209  250    0  243    0  250  249    0    0   96
 205    0   23  247   12   35    3    0    0  233    0    0   74    0  241  250    1  248    0  250  250    0    2  166
 248  227    0  250   86  178   59    0    0  249    0    0  208    0  250  250    8  250    4  250  250    1   32  243
  19    3    0    0    0    0    0    0    0   46    0    0    0    0   77  207    0  156    0  239  217    0    0    9
 249  238  164  250    0  192   81    0    0  250    0    2  223    1  250  250   24  250    9  250  250    6   46  246
 244  215   72  250   58    0   21    0    0  249    0    0  169    0  250  250    4  250    4  250  250    2    9  232
 250  247  191  250  169  229    0    0    0  250    1    5  240    0  250  250   49  250   27  250  250    8   75  249
 250  250  250  250  250  250  250    0  160  250  218  239  250  191  250  250  250  250  250  250  250  247  250  250
 250  250  250  250  250  250  250   90    0  250  206  234  250  177  250  250  248  250  246  250  250  237  250  250
  65   17    1  204    0    1    0    0    0    0    0    0    8    0  171  239    0  226    0  248  245    0    0   42
 250  250  250  250  250  250  249   32   44  250    0  177  250   82  250  250  244  250  234  250  250  206  246  250
 250  250  250  250  248  250  245   11   16  250   73    0  250   45  250  250  217  250  203  250  250  167  241  250
 233  176   42  250   27   81   10    0    0  242    0    0    0    0  246  250    3  250    0  250  250    0    6  204
 250  250  250  250  249  250  250   59   73  250  168  205  250    0  250  250  245  250  244  250  250  224  248  250
  41    9    0  173    0    0    0    0    0   79    0    0    4    0    0  227    0  200    0  246  240    0    0   25
   0    0    0   43    0    0    0    0    0   11    0    0    0    0   23    0    0   66    0  187  160    0    0    1
 250  249  242  250  226  246  201    0    2  250    6   33  247    5  250  250    0  250   87  250  250   45  166  249
   7    2    0   94    0    0    0    0    0   24    0    0    0    0   50  184    0    0    0  225  208    0    0    4
 250  250  246  250  241  246  223    0    4  250   16   47  250    6  250  250  163  250    0  250  250   79  203  250
   0    0    0   11    0    0    0    0    0    2    0    0    0    0    4   63    0   25    0    0   95    0    0    0
   1    0    0   33    0    0    0    0    0    5    0    0    0    0   10   90    0   42    0  155    0    0    0    1
 250  250  249  250  244  248  242    3   13  250   44   83  250   26  250  250  205  250  171  250  250    0  229  250
 250  248  218  250  204  241  175    0    0  250    4    9  244    2  250  250   84  250   47  250  250   21    0  249
 154   84    7  241    4   18    1    0    0  208    0    0   46    0  225  249    1  246    0  250  249    0    1    0
Objective value: 14.744000000000028

TOTAL OBJECTIVE VALUE: 14.817999999999984
