Random seed: 12345

COMPONENT 1
Central permutation
1 10 23 13 7 17 21 15 24 4 11 18 20 8 14 19 22 9 16 2 3 6 12 5
Weight
0.533
Pairwise count matrix
   0  533  533  533  533  533  533  533  533  462  533  533  533  533  533  533  533  533  533  533  533  533  528  533
   0    0  472    0  533  527    0    0    4    0    0  533    0    0    0   53    0    0    0    0    0    0    0    0
   0   61    0    0  533  493    0    0    0    0    0  528    0    0    0    5    0    0    0    0    0    0    0    0
   0  533  533    0  533  533    0  533  533    0  479  533    0  533    5  533    0  531  533  533    0  533    0   54
   0    0    0    0    0    3    0    0    0    0    0   62    0    0    0    0    0    0    0    0    0    0    0    0
   0    6   40    0  530    0    0    0    0    0    0  466    0    0    0    0    0    0    0    0    0    0    0    0
   0  533  533  533  533  533    0  533  533    0  533  533   53  533  533  533  470  533  533  533  525  533    3  533
   0  533  533    0  533  533    0    0  533    0    0  533    0  484    0  533    0    9  529   67    0  533    0    0
   0  529  533    0  533  533    0    0    0    0    0  533    0    0    0  477    0    0    6    0    0   61    0    0
  71  533  533  533  533  533  533  533  533    0  533  533  523  533  533  533  533  533  533  533  533  533  467  533
   0  533  533   54  533  533    0  533  533    0    0  533    0  533    0  533    0  464  533  527    0  533    0    5
   0    0    5    0  471   67    0    0    0    0    0    0    0    0    0    0    0    0    0    0    0    0    0    0
   0  533  533  533  533  533  480  533  533   10  533  533    0  533  533  533  528  533  533  533  533  533   58  533
   0  533  533    0  533  533    0   49  533    0    0  533    0    0    0  533    0    0  478    8    0  530    0    0
   0  533  533  528  533  533    0  533  533    0  533  533    0  533    0  533    5  533  533  533   56  533    0  475
   0  480  528    0  533  533    0    0   56    0    0  533    0    0    0    0    0    0    2    0    0    3    0    0
   0  533  533  533  533  533   63  533  533    0  533  533    5  533  528  533    0  533  533  533  481  533    0  532
   0  533  533    2  533  533    0  524  533    0   69  533    0  533    0  533    0    0  533  480    0  533    0    0
   0  533  533    0  533  533    0    4  527    0    0  533    0   55    0  531    0    0    0    1    0  464    0    0
   0  533  533    0  533  533    0  466  533    0    6  533    0  525    0  533    0   53  532    0    0  533    0    0
   0  533  533  533  533  533    8  533  533    0  533  533    0  533  477  533   52  533  533  533    0  533    0  527
   0  533  533    0  533  533    0    0  472    0    0  533    0    3    0  530    0    0   69    0    0    0    0    0
   5  533  533  533  533  533  530  533  533   66  533  533  475  533  533  533  533  533  533  533  533  533    0  533
   0  533  533  479  533  533    0  533  533    0  528  533    0  533   58  533    1  533  533  533    6  533    0    0
Objective value: 2.752345215759874

COMPONENT 2
Central permutation
23 19 6 21 5 2 14 10 11 13 8 9 18 17 1 24 7 12 3 4 15 16 20 22
Weight
0.267
Pairwise count matrix
   0    0  267  267    0    0  266    0    0    0    0  267    0    0  267  267   38    1    0  267    0  267    0  250
 267    0  267  267   33    0  267  267  267  266  267  267  267  233  267  267  267  267    0  267    2  267    0  267
   0    0    0  235    0    0    1    0    0    0    0   14    0    0  264  266    0    0    0  267    0  267    0    0
   0    0   32    0    0    0    1    0    0    0    0    3    0    0  236  267    0    0    0  267    0  267    0    0
 267  234  267  267    0    0  267  267  267  267  267  267  267  266  267  267  267  267    0  267   36  267    0  267
 267  267  267  267  267    0  267  267  267  267  267  267  267  267  267  267  267  267   40  267  245  267    4  267
   1    0  266  266    0    0    0    0    0    0    0  230    0    0  267  267    0    0    0  267    0  267    0   42
 267    0  267  267    0    0  267    0  233    0    4  267   28    0  267  267  267  267    0  267    0  267    0  267
 267    0  267  267    0    0  267   34    0    0    0  267    4    0  267  267  264  235    0  267    0  267    0  267
 267    1  267  267    0    0  267  267  267    0  239  267  266   22  267  267  267  267    0  267    0  267    0  267
 267    0  267  267    0    0  267  263  267   28    0  267  231    3  267  267  267  267    0  267    0  267    0  267
   0    0  253  264    0    0   37    0    0    0    0    0    0    0  266  267    0    0    0  267    0  267    0    2
 267    0  267  267    0    0  267  239  263    1   36  267    0    0  267  267  267  267    0  267    0  267    0  267
 267   34  267  267    1    0  267  267  267  245  264  267  267    0  267  267  267  267    0  267    0  267    0  267
   0    0    3   31    0    0    0    0    0    0    0    1    0    0    0  241    0    0    0  267    0  267    0    0
   0    0    1    0    0    0    0    0    0    0    0    0    0    0   26    0    0    0    0  235    0  265    0    0
 229    0  267  267    0    0  267    0    3    0    0  267    0    0  267  267    0   28    0  267    0  267    0  264
 266    0  267  267    0    0  267    0   32    0    0  267    0    0  267  267  239    0    0  267    0  267    0  267
 267  267  267  267  267  227  267  267  267  267  267  267  267  267  267  267  267  267    0  267  263  267   30  267
   0    0    0    0    0    0    0    0    0    0    0    0    0    0    0   32    0    0    0    0    0  235    0    0
 267  265  267  267  231   22  267  267  267  267  267  267  267  267  267  267  267  267    4  267    0  267    1  267
   0    0    0    0    0    0    0    0    0    0    0    0    0    0    0    2    0    0    0   32    0    0    0    0
 267  267  267  267  267  263  267  267  267  267  267  267  267  267  267  267  267  267  237  267  266  267    0  267
  17    0  267  267    0    0  225    0    0    0    0  265    0    0  267  267    3    0    0  267    0  267    0    0
Objective value: 2.8127340823970144

COMPONENT 3
Central permutation
21 10 23 15 24 7 5 11 16 9 4 13 19 8 6 2 1 22 14 20 17 3 12 18
Weight
0.133
Pairwise count matrix
   0   13  133    0    0    3    0    0    0    0    0  133    0  131    0    0  133  133    0  133    0  117    0    0
 120    0  133    0    0   14    0    0    0    0    0  133    0  133    0    0  133  133    0  133    0  131    0    0
   0    0    0    0    0    0    0    0    0    0    0  120    0    0    0    0   12  128    0    0    0    0    0    0
 133  133  133    0    0  133    0  133   17    0    0  133  113  133    0    3  133  133  131  133    0  133    0    0
 133  133  133  133    0  133   13  133  133    0  121  133  133  133    0  132  133  133  133  133    0  133    0    5
 130  119  133    0    0    0    0   14    0    0    0  133    0  133    0    0  133  133    1  133    0  133    0    0
 133  133  133  133  120  133    0  133  133    0  132  133  133  133    4  133  133  133  133  133    0  133    0   18
 133  133  133    0    0  119    0    0    0    0    0  133    1  133    0    0  133  133   18  133    0  133    0    0
 133  133  133  116    0  133    0  133    0    0    0  133  132  133    0   14  133  133  133  133    0  133    0    0
 133  133  133  133  133  133  133  133  133    0  133  133  133  133  133  133  133  133  133  133   14  133  123  133
 133  133  133  133   12  133    1  133  133    0    0  133  133  133    0  123  133  133  133  133    0  133    0    0
   0    0   13    0    0    0    0    0    0    0    0    0    0    0    0    0    2  115    0    0    0    0    0    0
 133  133  133   20    0  133    0  132    1    0    0  133    0  133    0    0  133  133  119  133    0  133    0    0
   2    0  133    0    0    0    0    0    0    0    0  133    0    0    0    0  133  133    0  120    0   17    0    0
 133  133  133  133  133  133  129  133  133    0  133  133  133  133    0  133  133  133  133  133    0  133   12  110
 133  133  133  130    1  133    0  133  119    0   10  133  133  133    0    0  133  133  133  133    0  133    0    0
   0    0  121    0    0    0    0    0    0    0    0  131    0    0    0    0    0  133    0   15    0    0    0    0
   0    0    5    0    0    0    0    0    0    0    0   18    0    0    0    0    0    0    0    0    0    0    0    0
 133  133  133    2    0  132    0  115    0    0    0  133   14  133    0    0  133  133    0  133    0  133    0    0
   0    0  133    0    0    0    0    0    0    0    0  133    0   13    0    0  118  133    0    0    0    1    0    0
 133  133  133  133  133  133  133  133  133  119  133  133  133  133  133  133  133  133  133  133    0  133  133  133
  16    2  133    0    0    0    0    0    0    0    0  133    0  116    0    0  133  133    0  132    0    0    0    0
 133  133  133  133  133  133  133  133  133   10  133  133  133  133  121  133  133  133  133  133    0  133    0  132
 133  133  133  133  128  133  115  133  133    0  133  133  133  133   23  133  133  133  133  133    0  133    1    0
Objective value: 2.8195488721804622

COMPONENT 4
Central permutation
22 7 10 1 8 5 23 2 17 4 24 9 16 6 14 12 18 3 20 19 21 13 11 15
Weight
0.067
Pairwise count matrix
   0   67   67   67   67   67    1   58   67    9   67   67   67   67   67   67   67   67   67   67   67    0   67   67
   0    0   67   66    0   67    0    0   67    0   67   67   67   67   67   67   57   67   67   67   67    0    9   67
   0    0    0    0    0    0    0    0    0    0   67    1   67    0   67    0    0   12   67   65   67    0    0    0
   0    1   67    0    0   67    0    0   67    0   67   67   67   67   67   67    8   67   67   67   67    0    0   62
   0   67   67   67    0   67    0   12   67    0   67   67   67   67   67   67   67   67   67   67   67    0   57   67
   0    0   67    0    0    0    0    0    1    0   67   67   67   56   67    7    0   67   67   67   67    0    0    0
  66   67   67   67   67   67    0   67   67   57   67   67   67   67   67   67   67   67   67   67   67    7   67   67
   9   67   67   67   55   67    0    0   67    0   67   67   67   67   67   67   67   67   67   67   67    0   66   67
   0    0   67    0    0   66    0    0    0    0   67   67   67   67   67   56    0   67   67   67   67    0    0    3
  58   67   67   67   67   67   10   67   67    0   67   67   67   67   67   67   67   67   67   67   67    1   67   67
   0    0    0    0    0    0    0    0    0    0    0    0    6    0   60    0    0    0    0    0    0    0    0    0
   0    0   66    0    0    0    0    0    0    0   67    0   67    8   67    0    0   59   67   67   67    0    0    0
   0    0    0    0    0    0    0    0    0    0   61    0    0    0   67    0    0    0    2    0    7    0    0    0
   0    0   67    0    0   11    0    0    0    0   67   59   67    0   67    0    0   67   67   67   67    0    0    0
   0    0    0    0    0    0    0    0    0    0    7    0    0    0    0    0    0    0    0    0    0    0    0    0
   0    0   67    0    0   60    0    0   11    0   67   67   67   67   67    0    0   67   67   67   67    0    0    0
   0   10   67   59    0   67    0    0   67    0   67   67   67   67   67   67    0   67   67   67   67    0    0   67
   0    0   55    0    0    0    0    0    0    0   67    8   67    0   67    0    0    0   67   67   67    0    0    0
   0    0    0    0    0    0    0    0    0    0   67    0   65    0   67    0    0    0    0    5   59    0    0    0
   0    0    2    0    0    0    0    0    0    0   67    0   67    0   67    0    0    0   62    0   66    0    0    0
   0    0    0    0    0    0    0    0    0    0   67    0   60    0   67    0    0    0    8    1    0    0    0    0
  67   67   67   67   67   67   60   67   67   66   67   67   67   67   67   67   67   67   67   67   67    0   67   67
   0   58   67   67   10   67    0    1   67    0   67   67   67   67   67   67   67   67   67   67   67    0    0   67
   0    0   67    5    0   67    0    0   64    0   67   67   67   67   67   67    0   67   67   67   67    0    0    0
Objective value: 2.8805970149253994

TOTAL OBJECTIVE VALUE: 2.7860000000000014
