Random seed: 12345

COMPONENT 1
Central permutation
21 13 5 11 4 24 17 8 15 19 3 10 18 2 22 7 20 12 16 23 14 9 6 1
Weight
0.25
Pairwise count matrix
   0    0    0    0    0   80    0    0   35    0    0    0    0    9    0    0    0    0    0    0    0    0    1    0
 250    0    8    0    0  250  224    0  250   17    0  246    0  250    0  250    0   67    1  240    0  187  250    0
 250  242    0    0    0  250  250    8  250  186    0  250    0  250   28  250    2  223   66  250    0  247  250    0
 250  250  250    0   21  250  250  242  250  250   68  250    9  250  248  250  221  250  250  250    4  250  250  184
 250  250  250  229    0  250  250  249  250  250  196  250   71  250  250  250  250  250  250  250   35  250  250  245
 170    0    0    0    0    0    0    0   81    0    0    0    0   31    0    2    0    0    0    0    0    0    6    0
 250   26    0    0    0  250    0    0  250    1    0  215    0  249    0  245    0    8    0  187    0   59  248    0
 250  250  242    8    1  250  250    0  250  248    3  250    1  250  177  250   57  250  217  250    0  250  250   23
 215    0    0    0    0  169    0    0    0    0    0    3    0   59    0   10    0    0    0    1    0    0   25    0
 250  233   64    0    0  250  249    2  250    0    0  250    0  250   12  250    0  193   26  250    0  246  250    0
 250  250  250  182   54  250  250  247  250  250    0  250   25  250  250  250  243  250  250  250   12  250  250  224
 250    4    0    0    0  250   35    0  247    0    0    0    0  240    0  192    0    1    0   72    0   10  220    0
 250  250  250  241  179  250  250  249  250  250  225  250    0  250  250  250  250  250  250  250   80  250  250  247
 241    0    0    0    0  219    1    0  191    0    0   10    0    0    0   19    0    0    0    3    0    0   63    0
 250  250  222    2    0  250  250   73  250  238    0  250    0  250    0  250   29  249  182  250    0  250  250    5
 250    0    0    0    0  248    5    0  240    0    0   58    0  231    0    0    0    0    0   29    0    1  194    0
 250  250  248   29    0  250  250  193  250  250    7  250    0  250  221  250    0  250  239  250    0  250  250   62
 250  183   27    0    0  250  242    0  250   57    0  249    0  250    1  250    0    0    8  250    0  225  250    0
 250  249  184    0    0  250  250   33  250  224    0  250    0  250   68  250   11  242    0  250    0  250  250    5
 250   10    0    0    0  250   63    0  249    0    0  178    0  247    0  221    0    0    0    0    0   28  244    0
 250  250  250  246  215  250  250  250  250  250  238  250  170  250  250  250  250  250  250  250    0  250  250  250
 250   63    3    0    0  250  191    0  250    4    0  240    0  250    0  249    0   25    0  222    0    0  250    0
 249    0    0    0    0  244    2    0  225    0    0   30    0  187    0   56    0    0    0    6    0    0    0    0
 250  250  250   66    5  250  250  227  250  250   26  250    3  250  245  250  188  250  245  250    0  250  250    0
Objective value: 9.312000000000012

COMPONENT 2
Central permutation
23 6 13 11 17 1 4 15 5 16 8 18 12 19 22 24 20 9 3 21 7 14 2 10
Weight
0.25
Pairwise count matrix
   0  250  250  190  243    0  250  250  250  250   28  250   10  250  217  249   68  250  250  250  250  250    2  250
   0    0    5    0    0    0   26    0    0  175    0    0    0   80    0    0    0    0    0    0   11    0    0    0
   0  245    0    0    0    0  225    0   68  250    0    0    0  243    0    0    0    0    1   24  183    2    0    7
  60  250  250    0  226    1  250  250  250  250   12  250    1  250  179  242   25  250  250  250  250  250    0  250
   7  250  250   24    0    0  250  230  250  250    3  250    0  250   65  195    0  246  250  250  250  250    0  250
 250  250  250  249  250    0  250  250  250  250  212  250  175  250  250  250  240  250  250  250  250  250   77  250
   0  224   25    0    0    0    0    0    8  241    0    0    0  177    0    0    0    0    0    0   63    0    0    0
   0  250  250    0   20    0  250    0  250  250    0  220    0  250    8   74    0  177  243  250  250  249    0  249
   0  250  182    0    0    0  242    0    0  250    0    0    0  248    0    0    0    0    4   66  220    7    0   22
   0   75    0    0    0    0    9    0    0    0    0    0    0   35    0    0    0    0    0    0    2    0    0    0
 222  250  250  238  247   38  250  250  250  250    0  250   70  250  247  250  184  250  250  250  250  250   10  250
   0  250  250    0    0    0  250   30  250  250    0    0    0  250    0   10    0   73  186  248  250  227    0  244
 240  250  250  249  250   75  250  250  250  250  180  250    0  250  250  250  221  250  250  250  250  250   26  250
   0  170    7    0    0    0   73    0    2  215    0    0    0    0    0    0    0    0    0    1   31    0    0    0
  33  250  250   71  185    0  250  242  250  250    3  250    0  250    0  218   12  249  250  250  250  250    0  250
   1  250  250    8   55    0  250  176  250  250    0  240    0  250   32    0    0  225  249  250  250  250    0  250
 182  250  250  225  250   10  250  250  250  250   66  250   29  250  238  250    0  250  250  250  250  250    2  250
   0  250  250    0    4    0  250   73  250  250    0  177    0  250    1   25    0    0  224  250  250  242    0  249
   0  250  249    0    0    0  250    7  246  250    0   64    0  250    0    1    0   26    0  239  250  190    0  221
   0  250  226    0    0    0  250    0  184  250    0    2    0  249    0    0    0    0   11    0  238   21    0   63
   0  239   67    0    0    0  187    0   30  248    0    0    0  219    0    0    0    0    0   12    0    0    0    2
   0  250  248    0    0    0  250    1  243  250    0   23    0  250    0    0    0    8   60  229  250    0    0  181
 248  250  250  250  250  173  250  250  250  250  240  250  224  250  250  250  248  250  250  250  250  250    0  250
   0  250  243    0    0    0  250    1  228  250    0    6    0  250    0    0    0    1   29  187  248   69    0    0
Objective value: 9.600000000000023

COMPONENT 3
Central permutation
6 1 5 10 8 13 16 23 7 11 19 3 15 18 12 24 20 4 9 17 21 2 14 22
Weight
0.25
Pairwise count matrix
   0  250  250  250  186   84  250  235  250  231  250  250  250  250  250  250  250  250  250  250  250  250  250  250
   0    0    0    4    0    0    0    0    8    0    0    0    0  179    0    0   23    0    0    0   58  227    0    0
   0  250    0  250    0    0   12    0  250    0   31  247    0  250  195    0  250  232   76  250  250  250    7  249
   0  246    0    0    0    0    0    0  186    0    0   11    0  249    0    0  223    2    0   70  240  250    0   29
  64  250  250  250    0   42  249  227  250  185  250  250  239  250  250  248  250  250  250  250  250  250  250  250
 166  250  250  250  208    0  250  250  250  238  250  250  249  250  250  250  250  250  250  250  250  250  250  250
   0  250  238  250    1    0    0    4  250    1  171  250    5  250  249   31  250  250  212  250  250  250   59  250
  15  250  250  250   23    0  246    0  250   66  249  250  173  250  250  221  250  250  250  250  250  250  239  250
   0  242    0   64    0    0    0    0    0    0    0    4    0  250    0    0  187    1    0   29  224  250    0   12
  19  250  250  250   65   12  249  184  250    0  250  250  231  250  250  246  250  250  250  250  250  250  247  250
   0  250  219  250    0    0   79    1  250    0    0  250    2  250  243    9  250  250  182  250  250  250   37  250
   0  250    3  239    0    0    0    0  246    0    0    0    0  250   29    0  250   58    1  222  250  250    0  182
   0  250  250  250   11    1  245   77  250   19  248  250    0  250  250  182  250  250  250  250  250  250  230  250
   0   71    0    1    0    0    0    0    0    0    0    0    0    0    0    0    9    0    0    0   23  172    0    0
   0  250   55  250    0    0    1    0  250    0    7  221    0  250    0    0  250  179   24  249  250  250    0  243
   0  250  250  250    2    0  219   29  250    4  241  250   68  250  250    0  250  250  248  250  250  250  182  250
   0  227    0   27    0    0    0    0   63    0    0    0    0  241    0    0    0    0    0    6  180  249    0    2
   0  250   18  248    0    0    0    0  249    0    0  192    0  250   71    0  250    0   12  241  250  250    0  218
   0  250  174  250    0    0   38    0  250    0   68  249    0  250  226    2  250  238    0  250  250  250    8  249
   0  250    0  180    0    0    0    0  221    0    0   28    0  250    1    0  244    9    0    0  247  250    0   57
   0  192    0   10    0    0    0    0   26    0    0    0    0  227    0    0   70    0    0    3    0  234    0    1
   0   23    0    0    0    0    0    0    0    0    0    0    0   78    0    0    1    0    0    0   16    0    0    0
   0  250  243  250    0    0  191   11  250    3  213  250   20  250  250   68  250  250  242  250  250  250    0  250
   0  250    1  221    0    0    0    0  238    0    0   68    0  250    7    0  248   32    1  193  249  250    0    0
Objective value: 9.608000000000004

COMPONENT 4
Central permutation
18 14 1 3 22 15 13 6 7 23 12 4 5 9 19 21 8 16 10 20 17 2 11 24
Weight
0.25
Pairwise count matrix
   0  250  179  250  250  250  250  250  250  250  250  250  245   67  241  250  250   32  250  250  250  223  250  250
   0    0    0    0    0    0    0    0    0    5  180    0    0    0    0    1   57    0    0   34    0    0    0  221
  71  250    0  250  250  246  250  250  250  250  250  250  245   32  222  250  250   11  250  250  250  188  250  250
   0  250    0    0  180    3    8  250  217  250  250   54    0    0    0  250  250    0  240  250  250    0   30  250
   0  250    0   70    0    0    5  248  188  250  250   24    0    0    0  248  250    0  227  250  242    0    4  250
   0  250    4  247  250    0  195  250  250  250  250  247   62    0   29  250  250    0  250  250  250   10  223  250
   0  250    0  242  245   55    0  250  249  250  250  221   28    0    7  250  250    0  250  250  250    5  178  250
   0  250    0    0    2    0    0    0    5  219  250    0    0    0    0  181  248    0   27  245   70    0    0  250
   0  250    0   33   62    0    1  245    0  249  250   12    0    0    0  249  250    0  184  250  221    0    1  250
   0  245    0    0    0    0    0   31    1    0  250    0    0    0    0   73  223    0    1  192    7    0    0  250
   0   70    0    0    0    0    0    0    0    0    0    0    0    0    0    0   24    0    0    3    0    0    0  177
   0  250    0  196  226    3   29  250  238  250  250    0    2    0    0  250  250    0  247  250  250    0   68  250
   5  250    5  250  250  188  222  250  250  250  250  248    0    0   71  250  250    0  250  250  250   31  240  250
 183  250  218  250  250  250  250  250  250  250  250  250  250    0  247  250  250   74  250  250  250  240  250  250
   9  250   28  250  250  221  243  250  250  250  250  250  179    3    0  250  250    0  250  250  250   66  248  250
   0  249    0    0    2    0    0   69    1  177  250    0    0    0    0    0  245    0   15  225   33    0    0  250
   0  193    0    0    0    0    0    2    0   27  226    0    0    0    0    5    0    0    0   68    1    0    0  244
 218  250  239  250  250  250  250  250  250  250  250  250  250  176  250  250  250    0  250  250  250  248  250  250
   0  250    0   10   23    0    0  223   66  249  250    3    0    0    0  235  250    0    0  250  185    0    0  250
   0  216    0    0    0    0    0    5    0   58  247    0    0    0    0   25  182    0    0    0    2    0    0  249
   0  250    0    0    8    0    0  180   29  243  250    0    0    0    0  217  249    0   65  248    0    0    0  250
  27  250   62  250  250  240  245  250  250  250  250  250  219   10  184  250  250    2  250  250  250    0  249  250
   0  250    0  220  246   27   72  250  249  250  250  182   10    0    2  250  250    0  250  250  250    1    0  250
   0   29    0    0    0    0    0    0    0    0   73    0    0    0    0    0    6    0    0    1    0    0    0    0
Objective value: 9.456000000000017

TOTAL OBJECTIVE VALUE: 9.494000000000028
