Random seed: 12345

COMPONENT 1
Central permutation
12 16 7 17 15 3 11 6 8 21 14 2 13 23 10 18 5 9 20 1 22 19 24 4
Weight
0.5
Pairwise count matrix
   0    0    0  500    0    0    0    0    3    0    0    0    0    0    0    0    0    0  489   67    0  450    0  498
 500    0    0  500  500    0    0    1  500  500    0    0  439   70    0    0    0  500  500  500    5  500  488  500
 500  500    0  500  500  497    0  500  500  500  456    0  500  500   50    0    2  500  500  500  500  500  500  500
   0    0    0    0    0    0    0    0    0    0    0    0    0    0    0    0    0    0    3    0    0    0    0   54
 500    0    0  500    0    0    0    0  459    5    0    0    0    0    0    0    0   56  500  493    0  500    1  500
 500  500    3  500  500    0    0  444  500  500   56    0  500  499    1    0    0  500  500  500  494  500  500  500
 500  500  500  500  500  500    0  500  500  500  500    7  500  500  494   46  452  500  500  500  500  500  500  500
 500  499    0  500  500   56    0    0  500  500    4    0  500  492    0    0    0  500  500  500  454  500  500  500
 497    0    0  500   41    0    0    0    0    0    0    0    0    0    0    0    0    7  500  450    0  500    0  500
 500    0    0  500  495    0    0    0  500    0    0    0    4    0    0    0    0  448  500  500    0  500   53  500
 500  500   44  500  500  444    0  496  500  500    0    0  500  500    2    0    0  500  500  500  500  500  500  500
 500  500  500  500  500  500  493  500  500  500  500    0  500  500  500  437  500  500  500  500  500  500  500  500
 500   61    0  500  500    0    0    0  500  496    0    0    0    4    0    0    0  499  500  500    0  500  441  500
 500  430    0  500  500    1    0    8  500  500    0    0  496    0    0    0    0  500  500  500   52  500  500  500
 500  500  450  500  500  499    6  500  500  500  498    0  500  500    0    1   50  500  500  500  500  500  500  500
 500  500  500  500  500  500  454  500  500  500  500   63  500  500  499    0  498  500  500  500  500  500  500  500
 500  500  498  500  500  500   48  500  500  500  500    0  500  500  450    2    0  500  500  500  500  500  500  500
 500    0    0  500  444    0    0    0  493   52    0    0    1    0    0    0    0    0  500  499    0  500    5  500
  11    0    0  497    0    0    0    0    0    0    0    0    0    0    0    0    0    0    0    1    0   54    0  442
 433    0    0  500    7    0    0    0   50    0    0    0    0    0    0    0    0    1  499    0    0  492    0  500
 500  495    0  500  500    6    0   46  500  500    0    0  500  448    0    0    0  500  500  500    0  500  500  500
  50    0    0  500    0    0    0    0    0    0    0    0    0    0    0    0    0    0  446    8    0    0    0  496
 500   12    0  500  499    0    0    0  500  447    0    0   59    0    0    0    0  495  500  500    0  500    0  500
   2    0    0  446    0    0    0    0    0    0    0    0    0    0    0    0    0    0   58    0    0    4    0    0
Objective value: 2.7280000000000086

COMPONENT 2
Central permutation
3 10 12 4 20 16 7 19 18 14 23 21 9 22 2 17 5 1 6 13 15 8 11 24
Weight
0.5
Pairwise count matrix
   0    0    0    0   54  454    0  500    0    0  500    0  498    0  500    0    4    0    0    0    0    0    0  500
 500    0    0    0  497  500    0  500    3    0  500    0  500    0  500    0  446    0    0    0    0   42    0  500
 500  500    0  500  500  500  500  500  500  445  500  492  500  500  500  500  500  500  500  500  500  500  500  500
 500  500    0    0  500  500  500  500  500    6  500   56  500  500  500  495  500  500  500  443  500  500  500  500
 446    3    0    0    0  497    0  500    0    0  500    0  500    0  500    0   49    0    0    0    0    0    0  500
  46    0    0    0    3    0    0  500    0    0  500    0  442    0  492    0    0    0    0    0    0    0    0  500
 500  500    0    0  500  500    0  500  500    0  500    0  500  500  500   56  500  496  445    2  500  500  500  500
   0    0    0    0    0    0    0    0    0    0  439    0    4    0   41    0    0    0    0    0    0    0    0  497
 500  497    0    0  500  500    0  500    0    0  500    0  500    0  500    0  499    0    0    0   53  442    4  500
 500  500   55  494  500  500  500  500  500    0  500  440  500  500  500  500  500  500  500  500  500  500  500  500
   0    0    0    0    0    0    0   61    0    0    0    0    0    0    7    0    0    0    0    0    0    0    0  438
 500  500    8  444  500  500  500  500  500   60  500    0  500  500  500  500  500  500  500  494  500  500  500  500
   2    0    0    0    0   58    0  496    0    0  500    0    0    0  434    0    0    0    0    0    0    0    0  500
 500  500    0    0  500  500    0  500  500    0  500    0  500    0  500    0  500   43    4    0  494  500  445  500
   0    0    0    0    0    8    0  459    0    0  493    0   66    0    0    0    0    0    0    0    0    0    0  500
 500  500    0    5  500  500  444  500  500    0  500    0  500  500  500    0  500  499  496   60  500  500  500  500
 496   54    0    0  451  500    0  500    1    0  500    0  500    0  500    0    0    0    0    0    0    8    0  500
 500  500    0    0  500  500    4  500  500    0  500    0  500  457  500    1  500    0   52    0  500  500  494  500
 500  500    0    0  500  500   55  500  500    0  500    0  500  496  500    4  500  448    0    0  500  500  500  500
 500  500    0   57  500  500  498  500  500    0  500    6  500  500  500  440  500  500  500    0  500  500  500  500
 500  500    0    0  500  500    0  500  447    0  500    0  500    6  500    0  500    0    0    0    0  492   59  500
 500  458    0    0  500  500    0  500   58    0  500    0  500    0  500    0  492    0    0    0    8    0    0  500
 500  500    0    0  500  500    0  500  496    0  500    0  500   55  500    0  500    6    0    0  441  500    0  500
   0    0    0    0    0    0    0    3    0    0   62    0    0    0    0    0    0    0    0    0    0    0    0    0
Objective value: 2.7239999999999895

TOTAL OBJECTIVE VALUE: 2.725999999999999
