Random seed: 12345

COMPONENT 1
Central permutation
11 10 7 5 4 3 12 8 2 6 1 9
Weight
0.571
Pairwise count matrix
   0    0    0    0    0   48    0    0  515    0    0    0
 571    0    0    0    0  526    0   58  571    0    0    0
 571  571    0   53    0  571    0  571  571    0    0  524
 571  571  518    0   66  571    0  571  571    0    0  571
 571  571  571  505    0  571   47  571  571    0    0  571
 523   45    0    0    0    0    0    0  571    0    0    0
 571  571  571  571  524  571    0  571  571   41    0  571
 571  513    0    0    0  571    0    0  571    0    0   64
  56    0    0    0    0    0    0    0    0    0    0    0
 571  571  571  571  571  571  530  571  571    0   46  571
 571  571  571  571  571  571  571  571  571  525    0  571
 571  571   47    0    0  571    0  507  571    0    0    0
Objective value: 1.0

COMPONENT 2
Central permutation
7 11 1 2 10 12 3 6 9 8 5 4
Weight
0.286
Pairwise count matrix
   0  260  286  286  286  286    0  286  286  286   24  286
  26    0  286  286  286  286    0  286  286  262    0  286
   0    0    0  286  286  248    0  286  286    0    0   27
   0    0    0    0   21    0    0    0    0    0    0    0
   0    0    0  265    0    0    0   32    0    0    0    0
   0    0   38  286  286    0    0  286  265    0    0    0
 286  286  286  286  286  286    0  286  286  286  256  286
   0    0    0  286  254    0    0    0   24    0    0    0
   0    0    0  286  286   21    0  262    0    0    0    0
   0   24  286  286  286  286    0  286  286    0    0  267
 262  286  286  286  286  286   30  286  286  286    0  286
   0    0  259  286  286  286    0  286  286   19    0    0
Objective value: 1.0

COMPONENT 3
Central permutation
8 5 1 12 10 6 4 7 2 3 9 11
Weight
0.143
Pairwise count matrix
   0  143  143  143   11  143  143    0  143  143  143  127
   0    0  127    0    0    0   13    0  143    0  143    0
   0   16    0    0    0    0    0    0  133    0  143    0
   0  143  143    0    0    9  132    0  143    0  143    0
 132  143  143  143    0  143  143   13  143  143  143  143
   0  143  143  134    0    0  143    0  143   19  143    0
   0  130  143   11    0    0    0    0  143    0  143    0
 143  143  143  143  130  143  143    0  143  143  143  143
   0    0   10    0    0    0    0    0    0    0  131    0
   0  143  143  143    0  124  143    0  143    0  143   13
   0    0    0    0    0    0    0    0   12    0    0    0
  16  143  143  143    0  143  143    0  143  130  143    0
Objective value: 1.0

TOTAL OBJECTIVE VALUE: 1.0
