GROUP 1
Ranking
10 12 2 11 5 8 9 4 3 6 7 1 
Weight
0.5
Matrix
   0    0   27    4    0   75  163    1    0    0    0    0 
 500    0  500  498  436  500  500  486  490   76  365  146 
 473    0    0  133    5  362  431   21   49    0    0    0 
 496    2  367    0   22  434  479   80  130    0    6    1 
 500   64  495  478    0  497  500  364  421    5  133   20 
 425    0  138   66    3    0  364    7   20    0    0    0 
 337    0   69   21    0  136    0    0    9    0    0    0 
 499   14  479  420  136  493  500    0  346    0   58    5 
 500   10  451  370   79  480  491  154    0    0   20    0 
 500  424  500  500  495  500  500  500  500    0  478  335 
 500  135  500  494  367  500  500  442  480   22    0   72 
 500  354  500  499  480  500  500  495  500  165  428    0 
Objective value: 5.004


GROUP 2
Ranking
3 6 11 4 7 12 10 9 8 1 5 2 
Weight
0.5
Matrix
   0  410    0    0  347    0    0  161   53   22    0    4 
  90    0    0    0  170    0    0   32    6    1    0    0 
 500  500    0  474  500  336  493  500  500  499  420  498 
 500  500   26    0  500   72  356  498  495  480  141  434 
 153  330    0    0    0    0    0   65   19    6    0    0 
 500  500  164  428  500    0  479  500  499  500  353  494 
 500  500    7  144  500   21    0  496  478  432   55  361 
 339  468    0    2  435    0    4    0  134   60    0   17 
 447  494    0    5  481    1   22  366    0  151    0   73 
 478  499    1   20  494    0   68  440  349    0    6  138 
 500  500   80  359  500  147  445  500  500  494    0  482 
 496  500    2   66  500    6  139  483  427  362   18    0 
Objective value: 5.144


TOTAL OBJECTIVE VALUE: 5.074
