Random seed: 12345

COMPONENT 1
Central permutation
9 6 12 1 11 5 4 10 2 3 8 7
Weight
0.25
Pairwise count matrix
   0  250  250  244  235   12  250  250    3  250  203   48
   0    0  206   13    3    0  248  238    0   45    0    0
   0   44    0    3    0    0  228  185    0   14    0    0
   6  237  247    0   56    0  250  250    0  200   21    0
  15  247  250  194    0    0  250  250    0  234   64    0
 238  250  250  250  250    0  250  250   66  250  249  195
   0    2   22    0    0    0    0   61    0    0    0    0
   0   12   65    0    0    0  189    0    0    2    0    0
 247  250  250  250  250  184  250  250    0  250  250  234
   0  205  236   50   16    0  250  248    0    0    2    0
  47  250  250  229  186    1  250  250    0  248    0   10
 202  250  250  250  250   55  250  250   16  250  240    0
Objective value: 3.0959999999999965

COMPONENT 2
Central permutation
6 5 10 8 4 12 2 9 11 3 1 7
Weight
0.25
Pairwise count matrix
   0    1   48    0    0    0  183    0    1    0   13    0
 249    0  249   16    0    0  250    4  204    0  243   61
 202    1    0    0    0    0  234    0   17    0   55    0
 250  234  250    0    6    0  250   55  250   19  250  196
 250  250  250  244    0   70  250  230  250  196  250  250
 250  250  250  250  180    0  250  248  250  237  250  250
  67    0   16    0    0    0    0    0    0    0    5    0
 250  246  250  195   20    2  250    0  250   58  250  236
 249   46  233    0    0    0  250    0    0    0  198   10
 250  250  250  231   54   13  250  192  250    0  250  250
 237    7  195    0    0    0  245    0   52    0    0    1
 250  189  250   54    0    0  250   14  240    0  249    0
Objective value: 3.1439999999999984

COMPONENT 3
Central permutation
11 5 6 8 12 4 1 9 10 2 7 3
Weight
0.25
Pairwise count matrix
   0  247  250   54    0    0  250    0  189  234    0   18
   3    0  230    0    0    0  193    0   15   51    0    0
   0   20    0    0    0    0   55    0    0    0    0    0
 196  250  250    0    0    3  250    8  241  248    0   58
 250  250  250  250    0  197  250  241  250  250   58  245
 250  250  250  247   53    0  250  200  250  250   14  237
   0   57  195    0    0    0    0    0    2   15    0    0
 250  250  250  242    9   50  250    0  250  250    1  195
  61  235  250    9    0    0  248    0    0  194    0    3
  16  199  250    2    0    0  235    0   56    0    0    0
 250  250  250  250  192  236  250  249  250  250    0  250
 232  250  250  192    5   13  250   55  247  250    0    0
Objective value: 3.0559999999999974

COMPONENT 4
Central permutation
8 5 9 6 3 4 2 1 10 11 7 12
Weight
0.25
Pairwise count matrix
   0   55    2   10    0    0  246    0    0  202  236  250
 195    0   16   67    0    2  250    0    1  236  248  250
 248  234    0  188    3   49  250    0   10  250  250  250
 240  183   62    0    0   17  250    0    3  248  250  250
 250  250  247  250    0  232  250   49  184  250  250  250
 250  248  201  233   18    0  250    2   49  250  250  250
   4    0    0    0    0    0    0    0    0   11   51  187
 250  250  250  250  201  248  250    0  234  250  250  250
 250  249  240  247   66  201  250   16    0  250  250  250
  48   14    0    2    0    0  239    0    0    0  195  249
  14    2    0    0    0    0  199    0    0   55    0  236
   0    0    0    0    0    0   63    0    0    1   14    0
Objective value: 3.103999999999999

TOTAL OBJECTIVE VALUE: 3.1000000000000014
