Random seed: 12345

COMPONENT 1
Central permutation
6 9 1 2 3 8 11 5 4 10 12 7
Weight
0.571
Pairwise count matrix
   0  402  510  571  571   65  571  543  147  571  565  571
 169    0  418  570  570   21  571  511   58  571  551  571
  61  153    0  568  555    2  571  426   18  570  520  571
   0    1    3    0  177    0  550   18    0  430   70  503
   0    1   16  394    0    0  567   64    0  507  164  543
 506  550  569  571  571    0  571  568  391  571  571  571
   0    0    0   21    4    0    0    0    0   72    1  164
  28   60  145  553  507    3  571    0    6  567  416  569
 424  513  553  571  571  180  571  565    0  571  570  571
   0    0    1  141   64    0  499    4    0    0   15  412
   6   20   51  501  407    0  570  155    1  556    0  569
   0    0    0   68   28    0  407    2    0  159    2    0
Objective value: 4.569176882661999

COMPONENT 2
Central permutation
6 12 7 9 8 1 2 11 3 4 5 10
Weight
0.286
Pairwise count matrix
   0  214  281  284  286    0    9   71   35  286  259    2
  72    0  254  271  283    0    0   28    6  286  196    0
   5   32    0  200  251    0    0    3    0  267   75    0
   2   15   86    0  220    0    0    0    0  254   30    0
   0    3   35   66    0    0    0    0    0  182    9    0
 286  286  286  286  286    0  234  284  274  286  286  206
 277  286  286  286  286   52    0  254  209  286  286   96
 215  258  283  286  286    2   32    0   76  286  276   11
 251  280  286  286  286   12   77  210    0  286  284   31
   0    0   19   32  104    0    0    0    0    0    3    0
  27   90  211  256  277    0    0   10    2  283    0    0
 284  286  286  286  286   80  190  275  255  286  286    0
Objective value: 4.685314685314687

COMPONENT 3
Central permutation
6 5 8 12 11 7 4 9 3 10 1 2
Weight
0.143
Pairwise count matrix
   0   92   23    1    0    0    0    0    8   36    0    0
  51    0    6    0    0    0    0    0    0   19    0    0
 120  137    0   14    0    0    7    0   41  105    0    0
 142  143  129    0    0    0   42    1  106  134   15    4
 143  143  143  143    0   46  142   99  143  143  139  131
 143  143  143  143   97    0  143  133  143  143  143  140
 143  143  136  101    1    0    0    4  131  142   43   14
 143  143  143  142   44   10  139    0  142  143  126   99
 135  143  102   37    0    0   12    1    0  126    2    1
 107  124   38    9    0    0    1    0   17    0    0    0
 143  143  143  128    4    0  100   17  141  143    0   37
 143  143  143  139   12    3  129   44  142  143  106    0
Objective value: 4.6503496503496535

TOTAL OBJECTIVE VALUE: 4.613999999999997
