Random seed: 12345

COMPONENT 1
Central permutation
12 7 20 24 15 14 22 18 19 17 8 6 11 2 10 13 4 16 23 5 21 3 1 9
Weight
0.5
Pairwise count matrix
   0    0  131    0   15    0    0    0  332    0    0    0    0    0    0    0    0    0    0    0   66    0    5    0
 500    0  500  478  500   51    0   14  500  381  132    0  444    0    0  496    5    0    0    0  500    0  500    0
 369    0    0    0   46    0    0    0  431    0    0    0    0    0    0    1    0    0    0    0  143    0   16    0
 500   22  500    0  481    1    0    0  500   42    4    0  120    0    0  338    0    0    0    0  496    0  432    0
 485    0  454   19    0    0    0    0  493    0    0    0    5    0    0   37    0    0    0    0  362    0  124    0
 500  449  500  499  500    0    0  116  500  482  359    0  498    0    0  499   53    2   21    0  500    0  500    0
 500  500  500  500  500  500    0  500  500  500  500  169  500  498  486  500  500  500  500  367  500  500  500  446
 500  486  500  500  500  384    0    0  500  497  452    0  499    1    0  500  157   16   61    0  500    6  500    0
 168    0   69    0    7    0    0    0    0    0    0    0    0    0    0    0    0    0    0    0   25    0    0    0
 500  119  500  458  500   18    0    3  500    0   45    0  375    0    0  480    1    0    1    0  500    0  495    0
 500  368  500  496  500  141    0   48  500  455    0    0  484    0    0  499   18    1    4    0  500    0  500    0
 500  500  500  500  500  500  331  500  500  500  500    0  500  498  489  500  500  500  500  431  500  500  500  480
 500   56  500  380  495    2    0    1  500  125   16    0    0    0    0  440    0    0    0    0  499    0  489    0
 500  500  500  500  500  500    2  499  500  500  500    2  500    0  136  500  498  437  481   17  500  373  500   48
 500  500  500  500  500  500   14  500  500  500  500   11  500  364    0  500  499  480  495   64  500  439  500  127
 500    4  499  162  463    1    0    0  500   20    1    0   60    0    0    0    0    0    0    0  490    0  363    0
 500  495  500  500  500  447    0  343  500  499  482    0  500    2    1  500    0   45  143    0  500   16  500    0
 500  500  500  500  500  498    0  484  500  500  499    0  500   63   20  500  455    0  375    0  500  140  500    6
 500  500  500  500  500  479    0  439  500  499  496    0  500   19    5  500  357  125    0    0  500   62  500    0
 500  500  500  500  500  500  133  500  500  500  500   69  500  483  436  500  500  500  500    0  500  495  500  360
 434    0  357    4  138    0    0    0  475    0    0    0    1    0    0   10    0    0    0    0    0    0   49    0
 500  500  500  500  500  500    0  494  500  500  500    0  500  127   61  500  484  360  438    5  500    0  500   19
 495    0  484   68  376    0    0    0  500    5    0    0   11    0    0  137    0    0    0    0  451    0    0    0
 500  500  500  500  500  500   54  500  500  500  500   20  500  452  373  500  500  494  500  140  500  481  500    0
Objective value: 9.672000000000025

COMPONENT 2
Central permutation
15 24 9 20 16 12 11 10 3 18 1 7 4 5 8 19 17 6 23 14 22 21 2 13
Weight
0.5
Pairwise count matrix
   0  500   48  443  487  500  359  494    0   15    6    1  500  500    0    0  500  119  497    0  500  500  500    0
   0    0    0    0    0    0    0    0    0    0    0    0  337   11    0    0    0    0    0    0  138   40    3    0
 452  500    0  493  499  500  480  500    1  144   60   20  500  500    0    5  500  368  500    0  500  500  500    0
  57  500    7    0  371  499  128  458    0    3    0    0  500  500    0    0  498   21  484    0  500  500  500    0
  13  500    1  129    0  497   51  373    0    0    0    0  500  500    0    0  486    4  437    0  500  500  500    0
   0  500    0    1    3    0    0   21    0    0    0    0  499  463    0    0  147    0   57    0  494  488  385    0
 141  500   20  372  449  500    0  488    0    3    1    0  500  500    0    0  500   48  492    0  500  500  500    0
   6  500    0   42  127  479   12    0    0    0    0    0  500  499    0    0  452    0  360    0  500  500  498    0
 500  500  499  500  500  500  500  500    0  500  496  479  500  500   61  433  500  500  500  353  500  500  500  126
 485  500  356  497  500  500  497  500    0    0  135   50  500  500    0    9  500  450  500    3  500  500  500    0
 494  500  440  500  500  500  499  500    4  365    0  133  500  500    1   52  500  487  500   17  500  500  500    1
 499  500  480  500  500  500  500  500   21  450  367    0  500  500    0  128  500  497  500   49  500  500  500    2
   0  163    0    0    0    1    0    0    0    0    0    0    0    7    0    0    0    0    0    0   63   16    1    0
   0  489    0    0    0   37    0    1    0    0    0    0  493    0    0    0   14    0    2    0  453  366  121    0
 500  500  500  500  500  500  500  500  439  500  499  500  500  500    0  494  500  500  500  484  500  500  500  357
 500  500  495  500  500  500  500  500   67  491  448  372  500  500    6    0  500  500  500  123  500  500  500   12
   0  500    0    2   14  353    0   48    0    0    0    0  500  486    0    0    0    0  131    0  499  494  437    0
 381  500  132  479  496  500  452  500    0   50   13    3  500  500    0    0  500    0  500    0  500  500  500    0
   3  500    0   16   63  443    8  140    0    0    0    0  500  498    0    0  369    0    0    0  500  500  491    0
 500  500  500  500  500  500  500  500  147  497  483  451  500  500   16  377  500  500  500    0  500  500  500   64
   0  362    0    0    0    6    0    0    0    0    0    0  437   47    0    0    1    0    0    0    0  131   13    0
   0  460    0    0    0   12    0    0    0    0    0    0  484  134    0    0    6    0    0    0  369    0   50    0
   0  497    0    0    0  115    0    2    0    0    0    0  499  379    0    0   63    0    9    0  487  450    0    0
 500  500  500  500  500  500  500  500  374  500  499  498  500  500  143  488  500  500  500  436  500  500  500    0
Objective value: 9.324000000000012

TOTAL OBJECTIVE VALUE: 9.49799999999999
