Random seed: 12345

COMPONENT 1
Central permutation
5 21 10 15 4 24 7 17 1 20 13 8 22 14 9 19 12 2 23 11 16 3 6 18
Weight
0.667
Pairwise count matrix
   0  667  667    5    0  667   65  643  666    0  667  667  593  667    0  667  178  667  667  489    0  663  667   10
   0    0  660    0    0  667    0    0   17    0  591  161    0    3    0  648    0  667   78    0    0    0  484    0
   0    7    0    0    0  489    0    0    0    0   69    1    0    0    0  192    0  595    0    0    0    0   21    0
 662  667  667    0    6  667  592  667  667   68  667  667  667  667  178  667  644  667  667  666   22  667  667  497
 667  667  667  661    0  667  667  667  667  577  667  667  667  667  645  667  667  667  667  667  474  667  667  666
   0    0  178    0    0    0    0    0    0    0   29    0    0    0    0   83    0  481    0    0    0    0    6    0
 602  667  667   75    0  667    0  666  667    7  667  667  664  667   22  667  502  667  667  646    1  667  667  192
  24  667  667    0    0  667    1    0  644    0  667  666  164  600    0  667    5  667  663   61    0  483  667    0
   1  650  667    0    0  667    0   23    0    0  666  599    2  158    0  667    0  667  479    0    0   57  664    0
 667  667  667  599   90  667  660  667  667    0  667  667  667  667  501  667  666  667  667  667  196  667  667  641
   0   76  598    0    0  638    0    0    1    0    0   23    0    0    0  509    0  660    3    0    0    0  169    0
   0  506  666    0    0  667    0    1   68    0  644    0    0   24    0  665    0  667  185    0    0    6  596    0
  74  667  667    0    0  667    3  503  665    0  667  667    0  647    0  667   28  667  667  172    0  593  667    0
   0  664  667    0    0  667    0   67  509    0  667  643   20    0    0  667    0  667  598    6    0  171  666    0
 667  667  667  489   22  667  645  667  667  166  667  667  667  667    0  667  662  667  667  667   69  667  667  606
   0   19  475    0    0  584    0    0    0    0  158    2    0    0    0    0    0  634    4    0    0    0   58    0
 489  667  667   23    0  667  165  662  667    1  667  667  639  667    5  667    0  667  667  583    0  664  667   62
   0    0   72    0    0  186    0    0    0    0    7    0    0    0    0   33    0    0    0    0    0    0    1    0
   0  589  667    0    0  667    0    4  188    0  664  482    0   69    0  663    0  667    0    0    0   23  636    0
 178  667  667    1    0  667   21  606  667    0  667  667  495  661    0  667   84  667  667    0    0  645  667    7
 667  667  667  645  193  667  666  667  667  471  667  667  667  667  598  667  667  667  667  667    0  667  667  661
   4  667  667    0    0  667    0  184  610    0  667  661   74  496    0  667    3  667  644   22    0    0  667    0
   0  183  646    0    0  661    0    0    3    0  498   71    0    1    0  609    0  666   31    0    0    0    0    0
 657  667  667  170    1  667  475  667  667   26  667  667  667  667   61  667  605  667  667  660    6  667  667    0
Objective value: 9.316341829085445

COMPONENT 2
Central permutation
16 22 12 19 24 10 17 13 8 18 2 7 23 15 14 4 20 11 5 9 1 21 6 3
Weight
0.333
Pairwise count matrix
   0    0  318    0   42  297    0    0   91    0    6    0    0    0    0    0    0    0    0    3  252    0    0    0
 333    0  333  333  333  333  247   47  333    1  333    0   16  331  323    0    2   92    0  333  333    0  300    0
  15    0    0    0    1   98    0    0    3    0    0    0    0    0    0    0    0    0    0    0   41    0    0    0
 333    0  333    0  326  333    3    0  331    0  298    0    0   85   30    0    0    0    0  256  333    0   11    0
 291    0  332    7    0  329    0    0  248    0   94    0    0    1    0    0    0    0    0   35  326    0    0    0
  36    0  235    0    4    0    0    0   11    0    1    0    0    0    0    0    0    0    0    0  102    0    0    0
 333   86  333  330  333  333    0   14  333    0  333    0    2  321  294    0    1   32    0  333  333    0  244    0
 333  286  333  333  333  333  319    0  333   13  333    0   78  333  333    0   35  234    1  333  333    0  330    1
 242    0  330    2   85  322    0    0    0    0   33    0    0    0    0    0    0    0    0   13  291    0    0    0
 333  332  333  333  333  333  333  320  333    0  333   16  310  333  333    0  239  330   46  333  333    2  333   89
 327    0  333   35  239  332    0    0  300    0    0    0    0    8    1    0    0    0    0   97  328    0    0    0
 333  333  333  333  333  333  333  333  333  317  333    0  333  333  333   47  332  333  253  333  333   97  333  296
 333  317  333  333  333  333  331  255  333   23  333    0    0  333  333    0   88  294    5  333  333    0  332   11
 333    2  333  248  332  333   12    0  333    0  325    0    0    0   81    0    0    2    0  315  333    0   40    0
 333   10  333  303  333  333   39    0  333    0  332    0    0  252    0    0    0    2    0  331  333    0   86    0
 333  333  333  333  333  333  333  333  333  333  333  286  333  333  333    0  333  333  322  333  333  236  333  330
 333  331  333  333  333  333  332  298  333   94  333    1  245  333  333    0    0  324   12  333  333    0  333   31
 333  241  333  333  333  333  301   99  333    3  333    0   39  331  331    0    9    0    0  333  333    0  325    0
 333  333  333  333  333  333  333  332  333  287  333   80  328  333  333   11  321  333    0  333  333   38  333  240
 330    0  333   77  298  333    0    0  320    0  236    0    0   18    2    0    0    0    0    0  332    0    4    0
  81    0  292    0    7  231    0    0   42    0    5    0    0    0    0    0    0    0    0    1    0    0    0    0
 333  333  333  333  333  333  333  333  333  331  333  236  333  333  333   97  333  333  295  333  333    0  333  324
 333   33  333  322  333  333   89    3  333    0  333    0    1  293  247    0    0    8    0  329  333    0    0    0
 333  333  333  333  333  333  333  332  333  244  333   37  322  333  333    3  302  333   93  333  333    9  333    0
Objective value: 9.429429429429433

TOTAL OBJECTIVE VALUE: 9.353999999999985
