Random seed: 12345

COMPONENT 1
Central permutation
7 5 3 15 21 12 8 13 16 11 17 10 20 24 18 23 2 6 19 4 1 14 9 22
Weight
0.667
Pairwise count matrix
   0    0    0   72    0    0    0    0  661    0    0    0    0  593    0    0    0    0    9    0    0  667    0    0
 667    0    0  667    0  598    0    0  667    0    0    0    0  667    0    0    0    2  663    0    0  667   92    0
 667  667    0  667   55  667    8  667  667  667  667  667  667  667  580  667  667  667  667  667  659  667  667  667
 595    0    0    0    0    7    0    0  667    0    0    0    0  663    0    0    0    0   87    0    0  667    0    0
 667  667  612  667    0  667   85  667  667  667  667  667  667  667  665  667  667  667  667  667  667  667  667  667
 667   69    0  660    0    0    0    0  667    0    0    0    0  667    0    0    0    0  596    0    0  667    5    0
 667  667  659  667  582  667    0  667  667  667  667  667  667  667  667  667  667  667  667  667  667  667  667  667
 667  667    0  667    0  667    0    0  667  667  667   64  608  667    1  657  667  667  667  667    4  667  667  667
   6    0    0    0    0    0    0    0    0    0    0    0    0   74    0    0    0    0    0    0    0  577    0    0
 667  667    0  667    0  667    0    0  667    0    6    0    0  667    0    0   76  667  667  590    0  667  667  661
 667  667    0  667    0  667    0    0  667  661    0    0   10  667    0   53  596  667  667  667    0  667  667  667
 667  667    0  667    0  667    0  603  667  667  667    0  663  667    6  667  667  667  667  667   78  667  667  667
 667  667    0  667    0  667    0   59  667  667  657    4    0  667    0  572  666  667  667  667    0  667  667  667
  74    0    0    4    0    0    0    0  593    0    0    0    0    0    0    0    0    0    0    0    0  663    0    0
 667  667   87  667    2  667    0  666  667  667  667  661  667  667    0  667  667  667  667  667  593  667  667  667
 667  667    0  667    0  667    0   10  667  667  614    0   95  667    0    0  664  667  667  667    0  667  667  667
 667  667    0  667    0  667    0    0  667  591   71    0    1  667    0    3    0  667  667  661    0  667  667  667
 667  665    0  667    0  667    0    0  667    0    0    0    0  667    0    0    0    0  667    7    0  667  611   77
 658    4    0  580    0   71    0    0  667    0    0    0    0  667    0    0    0    0    0    0    0  667    0    0
 667  667    0  667    0  667    0    0  667   77    0    0    0  667    0    0    6  660  667    0    0  667  667  597
 667  667    8  667    0  667    0  663  667  667  667  589  667  667   74  667  667  667  667  667    0  667  667  667
   0    0    0    0    0    0    0    0   90    0    0    0    0    4    0    0    0    0    0    0    0    0    0    0
 667  575    0  667    0  662    0    0  667    0    0    0    0  667    0    0    0   56  667    0    0  667    0    2
 667  667    0  667    0  667    0    0  667    6    0    0    0  667    0    0    0  590  667   70    0  667  665    0
Objective value: 2.745127436281848

COMPONENT 2
Central permutation
14 24 4 13 20 7 5 11 17 15 6 10 2 1 8 19 12 22 21 3 23 16 9 18
Weight
0.333
Pairwise count matrix
   0   39  333    0    0    0    0  302  333    4    0  333    0    0    0  333    0  333  330    0  333  333  333    0
 294    0  333    0    0    3    0  332  333   41    0  333    0    0    0  333    0  333  333    0  333  333  333    0
   0    0    0    0    0    0    0    0  333    0    0    0    0    0    0  331    0  333    0    0   47    4  296    0
 333  333  333    0  333  333  333  333  333  333  333  333  292    3  333  333  333  333  333  332  333  333  333   41
 333  333  333    0    0  333   34  333  333  333  299  333    0    0  333  333  330  333  333    3  333  333  333    0
 333  330  333    0    0    0    0  333  333  299    0  333    0    0   31  333    2  333  333    0  333  333  333    0
 333  333  333    0  299  333    0  333  333  333  328  333    2    0  333  333  333  333  333   36  333  333  333    0
  31    1  333    0    0    0    0    0  333    0    0  329    0    0    0  333    0  333  297    0  333  333  333    0
   0    0    0    0    0    0    0    0    0    0    0    0    0    0    0   33    0  293    0    0    0    0    3    0
 329  292  333    0    0   34    0  333  333    0    0  333    0    0    1  333    0  333  333    0  333  333  333    0
 333  333  333    0   34  333    5  333  333  333    0  333    0    0  328  333  287  333  333    0  333  333  333    0
   0    0  333    0    0    0    0    4  333    0    0    0    0    0    0  333    0  333   47    0  324  300  333    0
 333  333  333   41  333  333  331  333  333  333  333  333    0    1  333  333  333  333  333  293  333  333  333    9
 333  333  333  330  333  333  333  333  333  333  333  333  332    0  333  333  333  333  333  333  333  333  333  296
 333  333  333    0    0  302    0  333  333  332    5  333    0    0    0  333   35  333  333    0  333  333  333    0
   0    0    2    0    0    0    0    0  300    0    0    0    0    0    0    0    0  327    0    0    0    0   32    0
 333  333  333    0    3  331    0  333  333  333   46  333    0    0  298  333    0  333  333    0  333  333  333    0
   0    0    0    0    0    0    0    0   40    0    0    0    0    0    0    6    0    0    0    0    0    0    0    0
   3    0  333    0    0    0    0   36  333    0    0  286    0    0    0  333    0  333    0    0  332  331  333    0
 333  333  333    1  330  333  297  333  333  333  333  333   40    0  333  333  333  333  333    0  333  333  333    0
   0    0  286    0    0    0    0    0  333    0    0    9    0    0    0  333    0  333    1    0    0   31  327    0
   0    0  329    0    0    0    0    0  333    0    0   33    0    0    0  333    0  333    2    0  302    0  333    0
   0    0   37    0    0    0    0    0  330    0    0    0    0    0    0  301    0  333    0    0    6    0    0    0
 333  333  333  292  333  333  333  333  333  333  333  333  324   37  333  333  333  333  333  333  333  333  333    0
Objective value: 2.819819819819827

TOTAL OBJECTIVE VALUE: 2.769999999999982
