Random seed: 12345

COMPONENT 1
Central permutation
8 1 2 9 10 3 11 6 7 5 4 12
Weight
0.533
Pairwise count matrix
   0  416  532  533  533  533  533  152  497  529  533  533
 117    0  527  533  533  533  533   38  424  510  533  533
   1    6    0  533  532  501  532    0   27  120  418  533
   0    0    0    0  118    5   26    0    0    0    1  396
   0    0    1  415    0   47  125    0    0    0    6  499
   0    0   32  528  486    0  424    0    1    3  119  533
   0    0    1  507  408  109    0    0    0    0   31  526
 381  495  533  533  533  533  533    0  530  532  533  533
  36  109  506  533  533  532  533    3    0  418  529  533
   4   23  413  533  533  530  533    1  115    0  509  533
   0    0  115  532  527  414  502    0    4   24    0  533
   0    0    0  137   34    0    7    0    0    0    0    0
Objective value: 3.185741088180116

COMPONENT 2
Central permutation
12 3 10 6 7 8 4 1 11 2 5 9
Weight
0.267
Pairwise count matrix
   0  250    0   61  265    0    7   19  267    0  206    0
  17    0    0    2  201    0    0    0  251    0   55    0
 267  267    0  267  267  249  265  267  267  228  267   68
 206  265    0    0  266    2   11   57  267    0  251    0
   2   66    0    1    0    0    0    0  216    0   16    0
 267  267   18  265  267    0  202  251  267   67  267    1
 260  267    2  256  267   65    0  210  267   22  267    0
 248  267    0  210  267   16   57    0  267    1  263    0
   0   16    0    0   51    0    0    0    0    0    0    0
 267  267   39  267  267  200  245  266  267    0  267    6
  61  212    0   16  251    0    0    4  267    0    0    0
 267  267  199  267  267  266  267  267  267  261  267    0
Objective value: 3.0936329588015

COMPONENT 3
Central permutation
7 2 3 9 4 1 10 6 12 5 11 8
Weight
0.133
Pairwise count matrix
   0    0    2   27  133  125    0  133    5  106  133  132
 133    0   98  130  133  133   27  133  121  133  133  133
 131   35    0  128  133  133    9  133  101  133  133  133
 106    3    5    0  133  133    0  133   22  128  133  133
   0    0    0    0    0   12    0  120    0    0  113   25
   8    0    0    0  121    0    0  132    0   24  133  104
 133  106  124  133  133  133    0  133  133  133  133  133
   0    0    0    0   13    1    0    0    0    0   39    1
 128   12   32  111  133  133    0  133    0  133  133  133
  27    0    0    5  133  109    0  133    0    0  133  129
   0    0    0    0   20    0    0   94    0    0    0    6
   1    0    0    0  108   29    0  132    0    4  127    0
Objective value: 2.962406015037594

COMPONENT 4
Central permutation
11 1 7 9 12 8 6 10 5 2 3 4
Weight
0.067
Pairwise count matrix
   0   67   67   67   67   67   53   67   64   67   12   67
   0    0   57   63   22    1    0    0    0    7    0    0
   0   10    0   51    3    0    0    0    0    0    0    0
   0    4   16    0    0    0    0    0    0    0    0    0
   0   45   64   67    0    6    0    2    0   12    0    0
   0   66   67   67   61    0    0   14    0   55    0    5
  14   67   67   67   67   67    0   67   51   67    7   63
   0   67   67   67   65   53    0    0    2   60    0   10
   3   67   67   67   67   67   16   65    0   67    0   56
   0   60   67   67   55   12    0    7    0    0    0    0
  55   67   67   67   67   67   60   67   67   67    0   67
   0   67   67   67   67   62    4   57   11   67    0    0
Objective value: 2.985074626865675

TOTAL OBJECTIVE VALUE: 3.118000000000002
