Random seed: 12345

COMPONENT 1
Central permutation
3 21 1 22 9 13 8 7 5 4 18 11 19 2 10 24 16 20 14 12 15 23 6 17
Weight
0.571
Pairwise count matrix
   0  571  132  571  571  571  562  558  467  571  571  571  520  571  571  571  571  570  571  571  191  393  571  571
   0    0    0   26    9  571    3    0    0  405   95  568    0  565  571  512  571   48  204  556    0    0  571  470
 439  571    0  571  570  571  570  567  545  571  571  571  561  571  571  571  571  571  571  571  345  510  571  571
   0  545    0    0  183  571  115   69    7  559  467  571   24  571  571  569  571  376  517  571    0    4  571  564
   0  562    1  388    0  571  179  127   19  568  516  571   61  571  571  571  571  455  555  571    0    9  571  570
   0    0    0    0    0    0    0    0    0    1    0   38    0   18  104    2  328    0    0    7    0    0  183    1
   9  568    1  456  392  571    0  203   52  569  549  571  117  571  571  571  571  512  567  571    5   25  571  571
  13  571    4  502  444  571  368    0   97  571  563  571  183  571  571  571  571  547  571  571    5   51  571  571
 104  571   26  564  552  571  519  474    0  571  571  571  401  571  571  571  571  567  571  571   52  194  571  571
   0  166    0   12    3  570    2    0    0    0   49  561    0  548  568  463  571   28  111  515    0    0  570  390
   0  476    0  104   55  571   22    8    0  522    0  571    2  569  571  563  571  188  407  569    0    0  571  555
   0    3    0    0    0  533    0    0    0   10    0    0    0  190  389   60  544    0    0  115    0    0  470   23
  51  571   10  547  510  571  454  388  170  571  569  571    0  571  571  571  571  561  571  571   18  107  571  571
   0    6    0    0    0  553    0    0    0   23    2  381    0    0  468  115  559    2    3  184    0    0  522   64
   0    0    0    0    0  467    0    0    0    3    0  182    0  103    0   30  504    0    0   53    0    0  386    3
   0   59    0    2    0  569    0    0    0  108    8  511    0  456  541    0  569    4   29  390    0    0  562  193
   0    0    0    0    0  243    0    0    0    0    0   27    0   12   67    2    0    0    0    3    0    0  137    0
   1  523    0  195  116  571   59   24    4  543  383  571   10  569  571  567  571    0  488  571    0    0  571  564
   0  367    0   54   16  571    4    0    0  460  164  571    0  568  571  542  571   83    0  564    0    0  571  515
   0   15    0    0    0  564    0    0    0   56    2  456    0  387  518  181  568    0    7    0    0    0  549  111
 380  571  226  571  571  571  566  566  519  571  571  571  553  571  571  571  571  571  571  571    0  464  571  571
 178  571   61  567  562  571  546  520  377  571  571  571  464  571  571  571  571  571  571  571  107    0  571  571
   0    0    0    0    0  388    0    0    0    1    0  101    0   49  185    9  434    0    0   22    0    0    0    3
   0  101    0    7    1  570    0    0    0  181   16  548    0  507  568  378  571    7   56  460    0    0  568    0
Objective value: 15.040280210157619

COMPONENT 2
Central permutation
15 19 7 8 21 3 23 22 9 18 1 6 10 16 12 17 5 20 4 14 11 13 2 24
Weight
0.286
Pairwise count matrix
   0  286    4  286  283  191    0    0   56  224  286  277  286  286    0  264  282  105    0  286    2   30   10  286
   0    0    0    9    0    0    0    0    0    0   49    0   96   29    0    0    0    0    0    2    0    0    0  174
 282  286    0  286  286  285   32   60  262  285  286  286  286  286    3  286  286  283   12  286  110  238  201  286
   0  277    0    0   62    1    0    0    0    2  242   11  266  196    0    2   23    0    0  105    0    0    0  283
   3  286    0  224    0    5    0    0    0   18  277   57  280  263    0   27   81    3    0  197    0    0    0  286
  95  286    1  285  281    0    0    0   26  181  286  261  286  286    0  235  276   48    0  286    0    7    5  286
 286  286  254  286  286  286    0  189  286  286  286  286  286  286   66  286  286  286  111  286  239  283  278  286
 286  286  226  286  286  286   97    0  283  286  286  286  286  286   36  286  286  286   61  286  193  282  264  286
 230  286   24  286  286  260    0    3    0  267  286  285  286  286    0  284  285  177    0  286    6   95   55  286
  62  286    1  284  268  105    0    0   19    0  286  239  286  286    0  194  261   22    0  285    0    1    2  286
   0  237    0   44    9    0    0    0    0    0    0    1  193  100    0    2    2    0    0   30    0    0    0  264
   9  286    0  275  229   25    0    0    1   47  285    0  286  284    0   97  186    5    0  260    0    0    0  286
   0  190    0   20    6    0    0    0    0    0   93    0    0   49    0    0    2    0    0   10    0    0    0  216
   0  257    0   90   23    0    0    0    0    0  186    2  237    0    0    2   12    0    0   59    0    0    0  276
 286  286  283  286  286  286  220  250  286  286  286  286  286  286    0  286  286  286  190  286  276  286  284  286
  22  286    0  284  259   51    0    0    2   92  284  189  286  284    0    0  235    5    0  273    0    0    0  286
   4  286    0  263  205   10    0    0    1   25  284  100  284  274    0   51    0    3    0  234    0    0    0  286
 181  286    3  286  283  238    0    0  109  264  286  281  286  286    0  281  283    0    0  286    4   54   24  286
 286  286  274  286  286  286  175  225  286  286  286  286  286  286   96  286  286  286    0  286  263  284  278  286
   0  284    0  181   89    0    0    0    0    1  256   26  276  227    0   13   52    0    0    0    0    0    0  286
 284  286  176  286  286  286   47   93  280  286  286  286  286  286   10  286  286  282   23  286    0  262  232  286
 256  286   48  286  286  279    3    4  191  285  286  286  286  286    0  286  286  232    2  286   24    0   92  286
 276  286   85  286  286  281    8   22  231  284  286  286  286  286    2  286  286  262    8  286   54  194    0  286
   0  112    0    3    0    0    0    0    0    0   22    0   70   10    0    0    0    0    0    0    0    0    0    0
Objective value: 14.95104895104896

COMPONENT 3
Central permutation
16 14 3 24 7 23 1 2 22 13 8 18 12 17 5 21 6 19 15 20 9 4 10 11
Weight
0.143
Pairwise count matrix
   0   97    2  143  143  143   26  139  143  143  143  143  126    1  143    2  143  143  143  143  143  110   35   14
  46    0    0  143  143  143    9  135  143  143  143  142  118    2  143    0  142  138  143  143  143   91   20    6
 141  143    0  143  143  143  122  143  143  143  143  143  143   49  143   39  143  143  143  143  143  143  130   98
   0    0    0    0    0    0    0    0   46   96  110    0    0    0   12    0    0    0    5   25    0    0    0    0
   0    0    0  143    0  117    0   10  142  143  143   29    2    0  141    0   54   14  128  141   95    0    0    0
   0    0    0  143   26    0    0    0  139  142  143    3    0    0  119    0   11    1   91  132   37    0    0    0
 117  134   21  143  143  143    0  143  143  143  143  143  141   19  143    3  143  143  143  143  143  140   98   48
   4    8    0  143  133  143    0    0  143  143  143  112   47    0  143    0  125   93  143  143  140   18    0    1
   0    0    0   97    1    4    0    0    0  115  123    0    0    0   18    0    0    0   15   52    0    0    0    0
   0    0    0   47    0    1    0    0   28    0   92    0    0    0    1    0    0    0    0   16    0    0    0    0
   0    0    0   33    0    0    0    0   20   51    0    0    0    0    4    0    0    0    1    8    0    0    0    0
   0    1    0  143  114  140    0   31  143  143  143    0    8    0  142    0   89   48  140  143  121    2    0    0
  17   25    0  143  141  143    2   96  143  143  143  135    0    0  143    0  139  127  143  143  143   48    5    1
 142  141   94  143  143  143  124  143  143  143  143  143  143    0  143   56  143  143  143  143  143  143  134  122
   0    0    0  131    2   24    0    0  125  142  139    1    0    0    0    0    0    0   49  103   16    0    0    0
 141  143  104  143  143  143  140  143  143  143  143  143  143   87  143    0  143  143  143  143  143  143  136  126
   0    1    0  143   89  132    0   18  143  143  143   54    4    0  143    0    0   33  140  143  113    0    0    0
   0    5    0  143  129  142    0   50  143  143  143   95   16    0  143    0  110    0  141  143  141   12    0    0
   0    0    0  138   15   52    0    0  128  143  142    3    0    0   94    0    3    2    0  119   29    0    0    0
   0    0    0  118    2   11    0    0   91  127  135    0    0    0   40    0    0    0   24    0    4    0    0    0
   0    0    0  143   48  106    0    3  143  143  143   22    0    0  127    0   30    2  114  139    0    0    0    0
  33   52    0  143  143  143    3  125  143  143  143  141   95    0  143    0  143  131  143  143  143    0   14    2
 108  123   13  143  143  143   45  143  143  143  143  143  138    9  143    7  143  143  143  143  143  129    0   39
 129  137   45  143  143  143   95  142  143  143  143  143  142   21  143   17  143  143  143  143  143  141  104    0
Objective value: 14.783216783216801

TOTAL OBJECTIVE VALUE: 14.978000000000009
