Random seed: 12345

COMPONENT 1
Central permutation
4 18 9 5 14 7 17 11 2 6 10 19 1 21 20 23 16 8 24 13 22 3 12 15
Weight
0.571
Pairwise count matrix
   0    7  571    0    0   14    1  571    0   66    0  571  571    0  571  568    0    0  143  517  434  571  555  570
 564    0  571    0    0  416   21  571    0  519  156  571  571    2  571  571   61    0  552  571  570  571  571  571
   0    0    0    0    0    0    0    7    0    0    0  419   48    0  498    0    0    0    0    0    0  151    0   16
 571  571  571    0  549  571  571  571  497  571  571  571  571  565  571  571  571  379  571  571  571  571  571  571
 571  571  571   22    0  571  524  571  157  571  567  571  571  416  571  571  558   57  571  571  571  571  571  571
 557  155  571    0    0    0    4  571    0  413   68  571  571    1  571  571   18    0  502  569  565  571  570  571
 570  550  571    0   47  567    0  571   19  571  507  571  571  140  571  571  405    4  571  571  571  571  571  571
   0    0  564    0    0    0    0    0    0    0    0  570  504    0  571  140    0    0    1   15    5  552   62  412
 571  571  571   74  414  571  552  571    0  571  570  571  571  507  571  571  565  152  571  571  571  571  571  571
 505   52  571    0    0  158    0  571    0    0   12  571  571    0  571  571    6    0  426  569  551  571  570  571
 571  415  571    0    4  503   64  571    1  559    0  571  571   17  571  571  140    0  565  571  571  571  571  571
   0    0  152    0    0    0    0    1    0    0    0    0   16    0  403    0    0    0    0    0    0   57    0    1
   0    0  523    0    0    0    0   67    0    0    0  555    0    0  568   18    0    0    0    0    0  421    3  134
 571  569  571    6  155  570  431  571   64  571  554  571  571    0  571  571  516   20  571  571  571  571  571  571
   0    0   73    0    0    0    0    0    0    0    0  168    3    0    0    0    0    0    0    0    0   31    0    0
   3    0  571    0    0    0    0  431    0    0    0  571  553    0  571    0    0    0    2   67   25  560  157  522
 571  510  571    0   13  553  166  571    6  565  431  571  571   55  571  571    0    2  570  571  571  571  571  571
 571  571  571  192  514  571  567  571  419  571  571  571  571  551  571  571  569    0  571  571  571  571  571  571
 428   19  571    0    0   69    0  570    0  145    6  571  571    0  571  569    1    0    0  549  521  571  566  571
  54    0  571    0    0    2    0  556    0    2    0  571  571    0  571  504    0    0   22    0  163  571  427  566
 137    1  571    0    0    6    0  566    0   20    0  571  571    0  571  546    0    0   50  408    0  571  504  570
   0    0  420    0    0    0    0   19    0    0    0  514  150    0  540   11    0    0    0    0    0    0    2   56
  16    0  571    0    0    1    0  509    0    1    0  571  568    0  571  414    0    0    5  144   67  569    0  554
   1    0  555    0    0    0    0  159    0    0    0  570  437    0  571   49    0    0    0    5    1  515   17    0
Objective value: 9.362521891418567

COMPONENT 2
Central permutation
20 5 14 2 1 15 7 13 9 11 22 12 4 8 18 17 23 6 10 19 24 16 21 3
Weight
0.286
Pairwise count matrix
   0   81  286  286   10  286  263  286  284  286  286  286  280   31  206  286  286  286  286    1  286  286  286  286
 205    0  286  286   33  286  281  286  286  286  286  286  285   71  251  286  286  286  286    5  286  286  286  286
   0    0    0    0    0    0    0    0    0    2    0    0    0    0    0   36    0    0    3    0   78    0    0   10
   0    0  286    0    0  286    0  214    0  286    4   80    1    0    0  286  270  251  286    0  286   30  282  286
 276  253  286  286    0  286  285  286  286  286  286  286  286  207  283  286  286  286  286   83  286  286  286  286
   0    0  286    0    0    0    0    2    0  208    0    0    0    0    0  285   28   10  254    0  285    0   80  280
  23    5  286  286    1  286    0  286  261  286  280  286  209    4   71  286  286  286  286    0  286  284  286  286
   0    0  286   72    0  284    0    0    0  286    1   36    0    0    0  286  260  201  286    0  286   10  279  286
   2    0  286  286    0  286   25  286    0  286  210  279   81    0    5  286  286  286  286    0  286  253  286  286
   0    0  284    0    0   78    0    0    0    0    0    0    0    0    0  274    8    1  196    0  283    0   32  258
   0    0  286  282    0  286    6  285   76  286    0  264   30    0    2  286  286  286  286    0  286  215  286  286
   0    0  286  206    0  286    0  250    7  286   22    0    3    0    0  286  282  268  286    0  286   65  286  286
   6    1  286  285    0  286   77  286  205  286  256  283    0    0   22  286  286  286  286    0  286  276  286  286
 255  215  286  286   79  286  282  286  286  286  286  286  286    0  279  286  286  286  286   43  286  286  286  286
  80   35  286  286    3  286  215  286  281  286  284  286  264    7    0  286  286  286  286    3  286  285  286  286
   0    0  250    0    0    1    0    0    0   12    0    0    0    0    0    0    0    0   29    0  206    0    1   85
   0    0  286   16    0  258    0   26    0  278    0    4    0    0    0  286    0   84  286    0  286    1  220  286
   0    0  286   35    0  276    0   85    0  285    0   18    0    0    0  286  202    0  286    0  286    0  253  286
   0    0  283    0    0   32    0    0    0   90    0    0    0    0    0  257    0    0    0    0  276    0   11  222
 285  281  286  286  203  286  286  286  286  286  286  286  286  243  283  286  286  286  286    0  286  286  286  286
   0    0  208    0    0    1    0    0    0    3    0    0    0    0    0   80    0    0   10    0    0    0    0   33
   0    0  286  256    0  286    2  276   33  286   71  221   10    0    1  286  285  286  286    0  286    0  286  286
   0    0  286    4    0  206    0    7    0  254    0    0    0    0    0  285   66   33  275    0  286    0    0  283
   0    0  276    0    0    6    0    0    0   28    0    0    0    0    0  201    0    0   64    0  253    0    3    0
Objective value: 9.391608391608372

COMPONENT 3
Central permutation
23 8 21 13 9 20 14 4 3 5 10 18 12 1 2 19 22 6 17 24 16 7 15 11
Weight
0.143
Pairwise count matrix
   0  102    0    0    0  140  143    0    0    4  143   27    0    0  143  143  143   18  126    0    0  139    0  143
  41    0    0    0    0  136  143    0    0    1  143   20    0    0  143  142  143    4  104    0    0  130    0  143
 143  143    0   37  102  143  143    0    3  126  143  142    0   24  143  143  143  139  143    5    0  143    0  143
 143  143  106    0  131  143  143    0    6  140  143  143    0   43  143  143  143  143  143   13    0  143    0  143
 143  143   41   12    0  143  143    0    0  109  143  140    0    3  143  143  143  134  143    0    0  143    0  143
   3    7    0    0    0    0  143    0    0    0  143    0    0    0  143  134  108    0   18    0    0   39    0  128
   0    0    0    0    0    0    0    0    0    0  124    0    0    0  105   50    8    0    0    0    0    1    0   16
 143  143  143  143  143  143  143    0  134  143  143  143  129  143  143  143  143  143  143  142  108  143   45  143
 143  143  140  137  143  143  143    9    0  143  143  143   37  133  143  143  143  143  143  105   18  143    1  143
 139  142   17    3   34  143  143    0    0    0  143  125    0    2  143  143  143  107  143    0    0  143    0  143
   0    0    0    0    0    0   19    0    0    0    0    0    0    0   47    5    0    0    0    0    0    0    0    1
 116  123    1    0    3  143  143    0    0   18  143    0    0    1  143  143  143   54  138    0    0  142    0  143
 143  143  143  143  143  143  143   14  106  143  143  143    0  139  143  143  143  143  143  124   41  143    5  143
 143  143  119  100  140  143  143    0   10  141  143  142    4    0  143  143  143  143  143   31    1  143    0  143
   0    0    0    0    0    0   38    0    0    0   96    0    0    0    0   15    0    0    0    0    0    0    0    2
   0    1    0    0    0    9   93    0    0    0  138    0    0    0  128    0   13    0    0    0    0    0    0   35
   0    0    0    0    0   35  135    0    0    0  143    0    0    0  143  130    0    0    4    0    0   11    0  106
 125  139    4    0    9  143  143    0    0   36  143   89    0    0  143  143  143    0  142    0    0  143    0  143
  17   39    0    0    0  125  143    0    0    0  143    5    0    0  143  143  139    1    0    0    0  107    0  142
 143  143  138  130  143  143  143    1   38  143  143  143   19  112  143  143  143  143  143    0    7  143    0  143
 143  143  143  143  143  143  143   35  125  143  143  143  102  142  143  143  143  143  143  136    0  143   18  143
   4   13    0    0    0  104  142    0    0    0  143    1    0    0  143  143  132    0   36    0    0    0    0  137
 143  143  143  143  143  143  143   98  142  143  143  143  138  143  143  143  143  143  143  143  125  143    0  143
   0    0    0    0    0   15  127    0    0    0  142    0    0    0  141  108   37    0    1    0    0    6    0    0
Objective value: 9.580419580419573

TOTAL OBJECTIVE VALUE: 9.401999999999987
