Random seed: 12345

COMPONENT 1
Central permutation
17 11 22 8 9 12 10 21 6 2 1 18 23 24 16 4 7 14 20 3 5 19 13 15
Weight
0.334
Pairwise count matrix
   0   95  334  333  334   31  334    0    0    1    0    0  334  334  334  332    0  241  334  334    9    0  303  325
 239    0  334  334  334   80  334    0    0    4    0    3  334  334  334  334    0  297  334  334   39    0  320  331
   0    0    0    4  245    0    9    0    0    0    0    0  325   30  333    1    0    0  307   87    0    0    0    0
   1    0  330    0  334    0  255    0    0    0    0    0  334  299  334   83    0    4  334  326    0    0   10   44
   0    0   89    0    0    0    4    0    0    0    0    0  302   11  322    0    0    0  258   30    0    0    0    0
 303  254  334  334  334    0  334    0    2   51    0   12  334  334  334  334    0  326  334  334  105    0  331  334
   0    0  325   79  330    0    0    0    0    0    0    0  334  231  334   31    0    0  334  298    0    0    3    7
 334  334  334  334  334  334  334    0  244  324   32  292  334  334  334  334   12  334  334  334  332   82  334  334
 334  334  334  334  334  332  334   90    0  308   13  240  334  334  334  334    5  334  334  334  320   26  334  334
 333  330  334  334  334  283  334   10   26    0    0   80  334  334  334  334    0  334  334  334  248    1  334  334
 334  334  334  334  334  334  334  302  321  334    0  328  334  334  334  334  112  334  334  334  334  245  334  334
 334  331  334  334  334  322  334   42   94  254    6    0  334  334  334  334    1  334  334  334  300   11  334  334
   0    0    9    0   32    0    0    0    0    0    0    0    0    0  230    0    0    0   92    0    0    0    0    0
   0    0  304   35  323    0  103    0    0    0    0    0  334    0  334   14    0    0  331  254    0    0    1    6
   0    0    1    0   12    0    0    0    0    0    0    0  104    0    0    0    0    0   51    0    0    0    0    0
   2    0  333  251  334    0  303    0    0    0    0    0  334  320  334    0    0   12  334  330    0    0   36   87
 334  334  334  334  334  334  334  322  329  334  222  333  334  334  334  334    0  334  334  334  334  289  334  334
  93   37  334  330  334    8  334    0    0    0    0    0  334  334  334  322    0    0  334  334    1    0  246  304
   0    0   27    0   76    0    0    0    0    0    0    0  242    3  283    0    0    0    0    7    0    0    0    0
   0    0  247    8  304    0   36    0    0    0    0    0  334   80  334    4    0    0  327    0    0    0    0    0
 325  295  334  334  334  229  334    2   14   86    0   34  334  334  334  334    0  333  334  334    0    0  334  334
 334  334  334  334  334  334  334  252  308  333   89  323  334  334  334  334   45  334  334  334  334    0  334  334
  31   14  334  324  334    3  331    0    0    0    0    0  334  333  334  298    0   88  334  334    0    0    0  239
   9    3  334  290  334    0  327    0    0    0    0    0  334  328  334  247    0   30  334  334    0    0   95    0
Objective value: 9.34730538922156

COMPONENT 2
Central permutation
18 6 4 16 1 10 3 17 7 24 13 11 15 23 2 21 9 14 12 8 5 19 22 20
Weight
0.333
Pairwise count matrix
   0  333  295   33  333    6  330  333  333  244  333  333  333  333  333   88  324    0  333  333  333  333  333  333
   0    0    0    0  333    0    0  331  297    0   12  330    7  323   33    0    0    0  333  333  247  333   84    2
  38  333    0    5  333    1  288  333  333   99  333  333  331  333  333   12  259    0  333  333  333  333  333  329
 300  333  328    0  333   92  333  333  333  323  333  333  333  333  333  244  333   40  333  333  333  333  333  333
   0    0    0    0    0    0    0   76    1    0    0   36    0    3    0    0    0    0  263  321    0  315    0    0
 327  333  332  241  333    0  333  333  333  332  333  333  333  333  333  298  333  102  333  333  333  333  333  333
   3  333   45    0  333    0    0  333  333   16  318  333  298  333  333    0  100    0  333  333  333  333  332  248
   0    2    0    0  257    0    0    0   11    0    0   84    0   35    0    0    0    0  305  331    2  322    0    0
   0   36    0    0  332    0    0  322    0    0    0  297    0  249    5    0    0    0  331  333   85  333   10    0
  89  333  234   10  333    1  317  333  333    0  333  333  333  333  333   26  299    0  333  333  333  333  333  332
   0  321    0    0  333    0   15  333  333    0    0  333   98  333  251    0    1    0  333  333  332  333  304   42
   0    3    0    0  297    0    0  249   36    0    0    0    0   78    0    0    0    0  327  332   12  332    0    0
   0  326    2    0  333    0   35  333  333    0  235  333    0  333  291    0   18    0  333  333  331  333  320   92
   0   10    0    0  330    0    0  298   84    0    0  255    0    0    1    0    0    0  332  333   30  333    2    0
   0  300    0    0  333    0    0  333  328    0   82  333   42  332    0    0    0    0  333  333  314  333  250   15
 245  333  321   89  333   35  333  333  333  307  333  333  333  333  333    0  332   17  333  333  333  333  333  333
   9  333   74    0  333    0  233  333  333   34  332  333  315  333  333    1    0    0  333  333  333  333  333  305
 333  333  333  293  333  231  333  333  333  333  333  333  333  333  333  316  333    0  333  333  333  333  333  333
   0    0    0    0   70    0    0   28    2    0    0    6    0    1    0    0    0    0    0  285    1  242    0    0
   0    0    0    0   12    0    0    2    0    0    0    1    0    0    0    0    0    0   48    0    0  106    0    0
   0   86    0    0  333    0    0  331  248    0    1  321    2  303   19    0    0    0  332  333    0  333   37    0
   0    0    0    0   18    0    0   11    0    0    0    1    0    0    0    0    0    0   91  227    0    0    0    0
   0  249    0    0  333    0    1  333  323    0   29  333   13  331   83    0    0    0  333  333  296  333    0    2
   0  331    4    0  333    0   85  333  333    1  291  333  241  333  318    0   28    0  333  333  333  333  331    0
Objective value: 9.237237237237252

COMPONENT 3
Central permutation
3 18 5 14 24 4 9 6 22 20 17 23 15 16 7 11 2 21 10 19 1 8 13 12
Weight
0.333
Pairwise count matrix
   0    1    0    0    0    0    0  240    0   36    0  326  301    0    0    0    0    0   95    0    8    0    0    0
 332    0    0    0    0    0   37  333    0  287   86  333  333    0    4   12    0    0  320    0  237    0    1    0
 333  333    0  333  291  333  333  333  333  333  333  333  333  324  333  333  333  225  333  333  333  333  333  327
 333  333    0    0   13  299  333  333  236  333  333  333  333   44  333  333  332    3  333  329  333  324  333   90
 333  333   42  320    0  333  333  333  329  333  333  333  333  252  333  333  333   84  333  333  333  333  333  295
 333  333    0   34    0    0  333  333   87  333  333  333  333    2  333  333  328    0  333  297  333  253  331    9
 333  296    0    0    0    0    0  333    0  328  243  333  333    0   36   84    2    0  329    0  321    0   12    0
  93    0    0    0    0    0    0    0    0   12    0  294  242    0    0    0    0    0   29    0    3    0    0    0
 333  333    0   97    4  246  333  333    0  333  333  333  333    7  333  333  331    1  333  325  333  297  333   32
 297   46    0    0    0    0    5  321    0    0    9  332  331    0    0    0    0    0  245    0   99    0    0    0
 333  247    0    0    0    0   90  333    0  324    0  333  333    0   11   38    1    0  332    0  297    0    5    0
   7    0    0    0    0    0    0   39    0    1    0    0   99    0    0    0    0    0    6    0    0    0    0    0
  32    0    0    0    0    0    0   91    0    2    0  234    0    0    0    0    0    0   13    0    0    0    0    0
 333  333    9  289   81  331  333  333  326  333  333  333  333    0  333  333  333   28  333  333  333  333  333  238
 333  329    0    0    0    0  297  333    0  333  322  333  333    0    0  250   41    0  333    8  333    1   98    0
 333  321    0    0    0    0  249  333    0  333  295  333  333    0   83    0   12    0  333    2  331    0   33    0
 333  333    0    1    0    5  331  333    2  333  332  333  333    0  292  321    0    0  333   76  333   21  253    0
 333  333  108  330  249  333  333  333  332  333  333  333  333  305  333  333  333    0  333  333  333  333  333  319
 238   13    0    0    0    0    4  304    0   88    1  327  320    0    0    0    0    0    0    0   42    0    0    0
 333  333    0    4    0   36  333  333    8  333  333  333  333    0  325  331  257    0  333    0  333  103  306    0
 325   96    0    0    0    0   12  330    0  234   36  333  333    0    0    2    0    0  291    0    0    0    0    0
 333  333    0    9    0   80  333  333   36  333  333  333  333    0  332  333  312    0  333  230  333    0  326    2
 333  332    0    0    0    2  321  333    0  333  328  333  333    0  235  300   80    0  333   27  333    7    0    0
 333  333    6  243   38  324  333  333  301  333  333  333  333   95  333  333  333   14  333  333  333  331  333    0
Objective value: 9.441441441441441

TOTAL OBJECTIVE VALUE: 9.341999999999985
