Random seed: 12345

COMPONENT 1
Central permutation
4 22 12 10 16 7 11 13 5 3 15 8 17 9 14 20 19 6 24 21 1 18 23 2
Weight
0.667
Pairwise count matrix
   0  598    0    0    0   47    0    0    0    0    0    0    0    1    0    0    0  434   16   11  196    0  539  111
  69    0    0    0    0    4    0    0    0    0    0    0    0    0    0    0    0  148    1    1   24    0  251    6
 667  667    0    0  197  666   30  546  639    5   61    0  127  650  446   11  604  667  667  665  667    1  667  667
 667  667  667    0  667  667  657  667  667  597  661  521  666  667  667  629  667  667  667  667  667  427  667  667
 667  667  470    0    0  667   64  606  659    7  127    2  225  663  551   20  640  667  667  666  667    0  667  667
 620  663    1    0    0    0    0    4   31    0    0    0    0   50    0    0    6  643  218  128  534    0  658  441
 667  667  637   10  603  667    0  665  667  131  466   73  550  667  661  218  665  667  667  667  667   30  667  667
 667  667  121    0   61  663    2    0  531    0   11    0   21  603  215    1  449  667  656  645  667    0  667  664
 667  667   28    0    8  636    0  136    0    0    0    0    2  456   63    0  218  666  603  551  666    0  667  657
 667  667  662   70  660  667  536  667  667    0  605  218  641  667  665  443  667  667  667  667  667  141  667  667
 667  667  606    6  540  667  201  656  667   62    0   25  457  667  640  125  666  667  667  667  667   13  667  667
 667  667  667  146  665  667  594  667  667  449  642    0  663  667  667  538  667  667  667  667  667  226  667  667
 667  667  540    1  442  667  117  646  665   26  210    4    0  665  602   56  659  667  667  667  667    3  667  667
 666  667   17    0    4  617    0   64  211    0    0    0    2    0   29    0  121  667  543  462  659    0  667  645
 667  667  221    0  116  667    6  452  604    2   27    0   65  638    0    2  542  667  664  659  667    0  667  667
 667  667  656   38  647  667  449  666  667  224  542  129  611  667  665    0  667  667  667  667  667   69  667  667
 667  667   63    0   27  661    2  218  449    0    1    0    8  546  125    0    0  667  650  617  664    0  667  662
 233  519    0    0    0   24    0    0    1    0    0    0    0    0    0    0    0    0   11    8  107    0  432   54
 651  666    0    0    0  449    0   11   64    0    0    0    0  124    3    0   17  656    0  230  604    0  667  533
 656  666    2    0    1  539    0   22  116    0    0    0    0  205    8    0   50  659  437    0  641    0  665  589
 471  643    0    0    0  133    0    0    1    0    0    0    0    8    0    0    3  560   63   26    0    0  606  217
 667  667  666  240  667  667  637  667  667  526  654  441  664  667  667  598  667  667  667  667  667    0  667  667
 128  416    0    0    0    9    0    0    0    0    0    0    0    0    0    0    0  235    0    2   61    0    0   28
 556  661    0    0    0  226    0    3   10    0    0    0    0   22    0    0    5  613  134   78  450    0  639    0
Objective value: 14.86356821589203

COMPONENT 2
Central permutation
12 23 15 24 4 20 13 22 21 17 10 9 14 3 7 8 1 5 11 19 16 6 2 18
Weight
0.333
Pairwise count matrix
   0  333   31    0  223  331   69  109    6    1  268    0    0   15    0  319    0  332  306    0    0    0    0    0
   0    0    0    0    6  105    0    0    0    0    9    0    0    0    0   55    0  197   24    0    0    0    0    0
 302  333    0    0  316  333  238  267   55   30  328    0    0  106    0  333   14  333  329    0    2    0    0    0
 333  333  333    0  333  333  333  333  333  330  333   18  270  332   57  333  332  333  333  220  314  308   24  108
 110  327   17    0    0  316   30   50    1    1  221    0    0    7    0  298    0  330  266    0    1    0    0    0
   2  228    0    0   17    0    1    1    0    0   23    0    0    0    0  109    0  254   67    0    0    0    0    0
 264  333   95    0  303  332    0  211   29    9  317    0    0   49    0  330    5  333  332    0    1    0    0    0
 224  333   66    0  283  332  122    0   20    4  304    0    0   31    0  331    1  333  322    0    0    0    0    0
 327  333  278    0  332  333  304  313    0  111  333    0    3  220    0  333   53  333  333    1   30   12    0    1
 332  333  303    3  332  333  324  329  222    0  333    0   17  264    0  333  103  333  333    5   55   28    0    0
  65  324    5    0  112  310   16   29    0    0    0    0    0    2    0  277    0  328  235    0    0    0    0    0
 333  333  333  315  333  333  333  333  333  333  333    0  331  333  253  333  333  333  333  327  333  331  197  294
 333  333  333   63  333  333  333  333  330  316  333    2    0  330   13  333  307  333  333  110  260  227    4   19
 318  333  227    1  326  333  284  302  113   69  331    0    3    0    0  333   30  333  333    0   13   10    0    0
 333  333  333  276  333  333  333  333  333  333  333   80  320  333    0  333  333  333  333  306  331  331  102  214
  14  278    0    0   35  224    3    2    0    0   56    0    0    0    0    0    0  295  105    0    0    0    0    0
 333  333  319    1  333  333  328  332  280  230  333    0   26  303    0  333    0  333  333   11  107   56    0    2
   1  136    0    0    3   79    0    0    0    0    5    0    0    0    0   38    0    0   23    0    0    0    0    0
  27  309    4    0   67  266    1   11    0    0   98    0    0    0    0  228    0  310    0    0    0    0    0    0
 333  333  333  113  333  333  333  333  332  328  333    6  223  333   27  333  322  333  333    0  307  278   12   69
 333  333  331   19  332  333  332  333  303  278  333    0   73  320    2  333  226  333  333   26    0  117    0    4
 333  333  333   25  333  333  333  333  321  305  333    2  106  323    2  333  277  333  333   55  216    0    1    7
 333  333  333  309  333  333  333  333  333  333  333  136  329  333  231  333  333  333  333  321  333  332    0  260
 333  333  333  225  333  333  333  333  332  333  333   39  314  333  119  333  331  333  333  264  329  326   73    0
Objective value: 14.83483483483485

TOTAL OBJECTIVE VALUE: 14.853999999999985
