Random seed: 12345

COMPONENT 1
Central permutation
12 6 5 8 4 7 1 9 10 11 2 3
Weight
0.667
Pairwise count matrix
   0  662  667   90    5    0  200   21  504  583  646    0
   5    0  445    0    0    0    0    0   20   67  176    0
   0  222    0    0    0    0    0    0    4   25   86    0
 577  667  667    0   82   19  478  179  642  661  665    8
 662  667  667  585    0  174  642  493  667  667  667   86
 667  667  667  648  493    0  658  591  667  667  667  208
 467  667  667  189   25    9    0   82  605  637  658    1
 646  667  667  488  174   76  585    0  662  666  667   22
 163  647  663   25    0    0   62    5    0  475  593    0
  84  600  642    6    0    0   30    1  192    0  487    0
  21  491  581    2    0    0    9    0   74  180    0    0
 667  667  667  659  581  459  666  645  667  667  667    0
Objective value: 4.661169415292356

COMPONENT 2
Central permutation
4 11 5 8 1 3 12 7 10 6 9 2
Weight
0.333
Pairwise count matrix
   0  333  242    3   29  333  319   83  333  330   13  298
   0    0    0    0    0   41    1    0   90    9    0    0
  91  333    0    1   11  333  293   33  333  318    4  228
 330  333  332    0  285  333  333  311  333  333  219  333
 304  333  322   48    0  333  333  227  333  333   96  331
   0  292    0    0    0    0   38    0  236   85    0    8
  14  332   40    0    0  295    0    5  324  244    0   91
 250  333  300   22  106  333  328    0  333  333   46  323
   0  243    0    0    0   97    9    0    0   36    0    1
   3  324   15    0    0  248   89    0  297    0    0   35
 320  333  329  114  237  333  333  287  333  333    0  333
  35  333  105    0    2  325  242   10  332  298    0    0
Objective value: 4.681681681681681

TOTAL OBJECTIVE VALUE: 4.667999999999999
