Random seed: 12345

COMPONENT 1
Central permutation
1 2 11 5 9 10 7 8 4 12 3 6
Weight
0.5
Pairwise count matrix
   0  448  500  500  500  500  500  500  500  500  500  500
  52    0  500  500  500  500  500  500  500  500  445  500
   0    0    0    0    0  450    0    0    0    0    0   34
   0    0  500    0    0  500    0   34    0    0    0  451
   0    0  500  500    0  500  500  500  467  500   43  500
   0    0   50    0    0    0    0    0    0    0    0    0
   0    0  500  500    0  500    0  450    0   48    0  500
   0    0  500  466    0  500   50    0    0    0    0  500
   0    0  500  500   33  500  500  500    0  448    0  500
   0    0  500  500    0  500  452  500   52    0    0  500
   0   55  500  500  457  500  500  500  500  500    0  500
   0    0  466   49    0  500    0    0    0    0    0    0
Objective value: 1.0

COMPONENT 2
Central permutation
9 6 3 1 5 10 8 11 12 2 7 4
Weight
0.5
Pairwise count matrix
   0  500   37  500  451    0  500  500    0  500  500  500
   0    0    0  500    0    0  458    0    0    0    0   44
 463  500    0  500  500   51  500  500    0  500  500  500
   0    0    0    0    0    0   32    0    0    0    0    0
  49  500    0  500    0    0  500  500    0  445  500  500
 500  500  449  500  500    0  500  500   49  500  500  500
   0   42    0  468    0    0    0    0    0    0    0    0
   0  500    0  500    0    0  500    0    0   45  459  500
 500  500  500  500  500  451  500  500    0  500  500  500
   0  500    0  500   55    0  500  455    0    0  500  500
   0  500    0  500    0    0  500   41    0    0    0  445
   0  456    0  500    0    0  500    0    0    0   55    0
Objective value: 1.0

TOTAL OBJECTIVE VALUE: 1.0
