Random seed: 12345

COMPONENT 1
Central permutation
17 7 14 16 5 18 4 20 23 19 11 10 22 1 12 13 6 21 8 2 3 15 9 24
Weight
0.334
Pairwise count matrix
   0  333  333    0    0  302    0  330  334   76   36  225  280    0  333    0    0    0   20    5  324  121    7  334
   1    0  219    0    0   30    0  106  296    0    0    3   10    0  270    0    0    0    0    0   68    1    0  316
   1  115    0    0    0   18    0   76  263    0    0    4    8    0  226    0    0    0    0    0   35    0    0  298
 334  334  334    0   64  334    8  334  334  328  326  334  334   14  334   25    3  105  297  211  334  334  267  334
 334  334  334  270    0  334   25  334  334  334  332  334  334   65  334  108   14  227  329  300  334  334  319  334
  32  304  316    0    0    0    0  266  332    5    3   53  122    0  328    0    0    0    2    0  224   16    0  334
 334  334  334  326  309  334    0  334  334  334  334  334  334  228  334  258  126  319  334  334  334  334  334  334
   4  228  258    0    0   68    0    0  320    1    0    7   25    0  296    0    0    0    0    0  110    1    0  328
   0   38   71    0    0    2    0   14    0    0    0    0    0    0  123    0    0    0    0    0    5    0    0  195
 258  334  334    6    0  329    0  333  334    0  103  292  317    1  334    0    0    3   61   14  332  213   23  334
 298  334  334    8    2  331    0  334  334  231    0  321  328    0  334    0    0    4  114   32  334  271   59  334
 109  331  330    0    0  281    0  327  334   42   13    0  240    0  334    0    0    0    2    0  306   62    2  334
  54  324  326    0    0  212    0  309  334   17    6   94    0    0  333    0    0    0    1    0  273   29    0  333
 334  334  334  320  269  334  106  334  334  333  334  334  334    0  334  215   74  304  333  327  334  334  331  334
   1   64  108    0    0    6    0   38  211    0    0    0    1    0    0    0    0    0    0    0   18    0    0  259
 334  334  334  309  226  334   76  334  334  334  334  334  334  119  334    0   40  283  332  323  334  334  329  334
 334  334  334  331  320  334  208  334  334  334  334  334  334  260  334  294    0  327  334  334  334  334  334  334
 334  334  334  229  107  334   15  334  334  331  330  334  334   30  334   51    7    0  325  270  334  334  302  334
 314  334  334   37    5  332    0  334  334  273  220  332  333    1  334    2    0    9    0   71  334  300  111  334
 329  334  334  123   34  334    0  334  334  320  302  334  334    7  334   11    0   64  263    0  334  329  226  334
  10  266  299    0    0  110    0  224  329    2    0   28   61    0  316    0    0    0    0    0    0    4    0  332
 213  333  334    0    0  318    0  333  334  121   63  272  305    0  334    0    0    0   34    5  330    0   10  334
 327  334  334   67   15  334    0  334  334  311  275  332  334    3  334    5    0   32  223  108  334  324    0  334
   0   18   36    0    0    0    0    6  139    0    0    0    1    0   75    0    0    0    0    0    2    0    0    0
Objective value: 15.425149700598809

COMPONENT 2
Central permutation
6 3 10 13 12 17 1 9 15 16 24 4 20 18 21 19 8 5 2 23 7 11 14 22
Weight
0.333
Pairwise count matrix
   0  333    5  327  333    2  333  333  223   10  333   57   25  333  267  302  116  332  333  330  333  333  333  317
   0    0    0    0  101    0  278   71    0    0  299    0    0  319    0    0    0    8   34    3   23  328  228    0
 328  333    0  333  333  118  333  333  330  235  333  301  273  333  333  333  320  333  333  333  333  333  333  333
   6  333    0    0  333    0  333  330   15    0  333    0    0  333   23   61    2  281  318  233  304  333  333  109
   0  232    0    0    0    0  307  124    0    0  317    0    0  330    0    0    0   12   64    2   35  330  264    0
 331  333  215  333  333    0  333  333  333  265  333  311  288  333  333  333  328  333  333  333  333  333  333  333
   0   55    0    0   26    0    0   11    0    0  217    0    0  261    0    0    0    2    6    0    3  294  103    0
   0  262    0    3  209    0  322    0    0    0  328    0    0  331    0    0    0   34   92   12   62  332  294    1
 110  333    3  318  333    0  333  333    0    5  333   25   14  333  229  278   66  331  333  331  333  333  333  297
 323  333   98  333  333   68  333  333  328    0  333  275  216  333  330  333  305  333  333  333  333  333  333  333
   0   34    0    0   16    0  116    5    0    0    0    0    0  217    0    0    0    0    2    0    1  250   65    0
 276  333   32  333  333   22  333  333  308   58  333    0  119  333  315  329  227  333  333  333  333  333  333  332
 308  333   60  333  333   45  333  333  319  117  333  214    0  333  330  332  271  333  333  333  333  333  333  332
   0   14    0    0    3    0   72    2    0    0  116    0    0    0    0    0    0    0    1    0    0  193   26    0
  66  333    0  310  333    0  333  333  104    3  333   18    3  333    0  235   36  330  333  319  332  333  333  267
  31  333    0  272  333    0  333  333   55    0  333    4    1  333   98    0   19  317  332  297  331  333  333  220
 217  333   13  331  333    5  333  333  267   28  333  106   62  333  297  314    0  333  333  331  333  333  333  325
   1  325    0   52  321    0  331  299    2    0  333    0    0  333    3   16    0    0  262  105  238  333  332   30
   0  299    0   15  269    0  327  241    0    0  331    0    0  332    0    1    0   71    0   32  115  333  324    6
   3  330    0  100  331    0  333  321    2    0  333    0    0  333   14   36    2  228  301    0  272  333  333   68
   0  310    0   29  298    0  330  271    0    0  332    0    0  333    1    2    0   95  218   61    0  333  325    9
   0    5    0    0    3    0   39    1    0    0   83    0    0  140    0    0    0    0    0    0    0    0   17    0
   0  105    0    0   69    0  230   39    0    0  268    0    0  307    0    0    0    1    9    0    8  316    0    0
  16  333    0  224  333    0  333  332   36    0  333    1    1  333   66  113    8  303  327  265  324  333  333    0
Objective value: 15.117117117117118

COMPONENT 3
Central permutation
8 7 1 14 18 11 2 6 17 23 16 3 5 10 19 9 20 24 15 12 4 13 21 22
Weight
0.333
Pairwise count matrix
   0  316  333  333  333  327  107   71  333  333  294  333  333  229  333  333  331  270  333  333  333  333  333  333
  17    0  327  333  333  206    5    1  333  332  102  333  333   44  333  318  270   50  333  333  333  333  300  333
   0    6    0  333  226   14    0    0  326  270    0  333  333    0  333  107   32    0  307  327  333  333   60  333
   0    0    0    0    0    0    0    0    5    0    0  101  232    0   57    0    0    0    2   15  256  292    0   29
   0    0  107  333    0    3    0    0  305  229    0  333  333    1  333   69   17    1  270  324  333  333   38  330
   6  127  319  333  330    0    4    0  333  333   49  333  333   23  333  301  239   31  333  333  333  333  275  333
 226  328  333  333  333  329    0  132  333  333  321  333  333  279  333  333  332  305  333  333  333  333  333  333
 262  332  333  333  333  333  201    0  333  333  332  333  333  297  333  333  332  319  333  333  333  333  333  333
   0    0    7  328   28    0    0    0    0   58    0  324  332    0  299    6    0    0  114  228  332  333    2  275
   0    1   63  333  104    0    0    0  275    0    0  332  333    0  328   38    6    0  223  308  333  333   15  326
  39  231  333  333  333  284   12    1  333  333    0  333  333   78  333  329  314  119  333  333  333  333  324  333
   0    0    0  232    0    0    0    0    9    1    0    0  275    0   95    0    0    0    3   26  299  316    0   58
   0    0    0  101    0    0    0    0    1    0    0   58    0    0   20    0    0    0    0    2  208  248    0    8
 104  289  333  333  332  310   54   36  333  333  255  333  333    0  333  332  323  214  333  333  333  333  332  333
   0    0    0  276    0    0    0    0   34    5    0  238  313    0    0    0    0    0   16   60  324  330    0  106
   0   15  226  333  264   32    0    0  327  295    4  333  333    1  333    0   61    0  312  331  333  333  105  333
   2   63  301  333  316   94    1    1  333  327   19  333  333   10  333  272    0   13  333  333  333  333  221  333
  63  283  333  333  332  302   28   14  333  333  214  333  333  119  333  333  320    0  333  333  333  333  331  333
   0    0   26  331   63    0    0    0  219  110    0  330  333    0  317   21    0    0    0  280  333  333    5  301
   0    0    6  318    9    0    0    0  105   25    0  307  331    0  273    2    0    0   53    0  332  332    2  220
   0    0    0   77    0    0    0    0    1    0    0   34  125    0    9    0    0    0    0    1    0  215    0    3
   0    0    0   41    0    0    0    0    0    0    0   17   85    0    3    0    0    0    0    1  118    0    0    2
   0   33  273  333  295   58    0    0  331  318    9  333  333    1  333  228  112    2  328  331  333  333    0  333
   0    0    0  304    3    0    0    0   58    7    0  275  325    0  227    0    0    0   32  113  330  331    0    0
Objective value: 14.828828828828819

TOTAL OBJECTIVE VALUE: 15.124000000000024
