Random seed: 12345

COMPONENT 1
Central permutation
7 12 9 4 11 1 8 10 6 5 3 2
Weight
0.334
Pairwise count matrix
   0  334  334   45  333  323    0  237   15  301   97    3
   0    0  103    0   44   11    0    0    0    3    0    0
   0  231    0    0   94   40    0    0    0   11    0    0
 289  334  334    0  334  334   17  323   99  333  244   44
   1  290  240    0    0   94    0    7    0   35    0    0
  11  323  294    0  240    0    0   36    0   96    2    0
 334  334  334  317  334  334    0  334  272  334  330  237
  97  334  334   11  327  298    0    0    2  251   37    1
 319  334  334  235  334  334   62  332    0  334  295  107
  33  331  323    1  299  238    0   83    0    0   13    0
 237  334  334   90  334  332    4  297   39  321    0   11
 331  334  334  290  334  334   97  333  227  334  323    0
Objective value: 4.778443113772454

COMPONENT 2
Central permutation
12 3 9 1 8 7 4 6 2 10 5 11
Weight
0.333
Pairwise count matrix
   0  332   40  324  333  330  298  244   93  333  333   16
   1    0    0   43  302   95    8    2    0  225  321    0
 293  333    0  333  333  333  330  323  230  333  333  105
   9  290    0    0  330  250   84   34    4  323  333    0
   0   31    0    3    0    9    0    0    0   94  219    0
   3  238    0   83  324    0   33    9    0  294  330    0
  35  325    3  249  333  300    0   91   11  332  333    0
  89  331   10  299  333  324  242    0   47  333  333    1
 240  333  103  329  333  333  322  286    0  333  333   51
   0  108    0   10  239   39    1    0    0    0  285    0
   0   12    0    0  114    3    0    0    0   48    0    0
 317  333  228  333  333  333  333  332  282  333  333    0
Objective value: 4.729729729729726

COMPONENT 3
Central permutation
9 10 11 12 6 8 2 5 4 3 7 1
Weight
0.333
Pairwise count matrix
   0    1   40    8    1    0  101    0    0    0    0    0
 332    0  326  295  239   36  329   93    0    0    3   11
 293    7    0   79   41    1  245    1    0    0    0    0
 325   38  254    0   98    3  292   18    0    0    0    0
 332   94  292  235    0    7  325   38    0    0    1    2
 333  297  332  330  326    0  333  249    4   12   43  108
 232    4   88   41    8    0    0    0    0    0    0    0
 333  240  332  315  295   84  333    0    2    1   20   51
 333  333  333  333  333  329  333  331    0  217  295  322
 333  333  333  333  333  321  333  332  116    0  248  301
 333  330  333  333  332  290  333  313   38   85    0  240
 333  322  333  333  331  225  333  282   11   32   93    0
Objective value: 4.693693693693696

TOTAL OBJECTIVE VALUE: 4.734000000000002
