Random seed: 12345

COMPONENT 1
Central permutation
6 2 7 4 8 12 5 1 11 3 9 10
Weight
0.334
Pairwise count matrix
   0    0  315    1   81    0    0    4  332  334  270   20
 334    0  334  322  334   84  276  329  334  334  334  334
  19    0    0    0    4    0    0    0  263  313   81    0
 333   12  334    0  332    1   67  258  334  334  334  310
 253    0  330    2    0    0    0   22  334  334  316   62
 334  250  334  333  334    0  312  334  334  334  334  334
 334   58  334  267  334   22    0  320  334  334  334  332
 330    5  334   76  312    0   14    0  334  334  334  259
   2    0   71    0    0    0    0    0    0  253   21    0
   0    0   21    0    0    0    0    0   81    0    5    0
  64    0  253    0   18    0    0    0  313  329    0    3
 314    0  334   24  272    0    2   75  334  334  331    0
Objective value: 3.0598802395209574

COMPONENT 2
Central permutation
11 1 5 3 12 2 6 4 8 10 9 7
Weight
0.333
Pairwise count matrix
   0  332  310  333  253  333  333  333  333  333   80  330
   1    0   14  309    3  262  333  332  333  333    0   84
  23  319    0  333   70  331  333  333  333  333    0  261
   0   24    0    0    0   70  333  262  331  313    0    4
  80  330  263  333    0  333  333  333  333  333   18  319
   0   71    2  263    0    0  333  311  333  333    0   17
   0    0    0    0    0    0    0    2   89   25    0    0
   0    1    0   71    0   22  331    0  316  254    0    0
   0    0    0    2    0    0  244   17    0   68    0    0
   0    0    0   20    0    0  308   79  265    0    0    0
 253  333  333  333  315  333  333  333  333  333    0  333
   3  249   72  329   14  316  333  333  333  333    0    0
Objective value: 3.1411411411411407

COMPONENT 3
Central permutation
10 4 12 11 1 5 3 2 8 9 6 7
Weight
0.333
Pairwise count matrix
   0  332  321    3  274  333  333  333  333    1   76   18
   1    0   70    0   17  330  333  267  310    0    0    0
  12  263    0    0   66  333  333  311  328    0    1    0
 330  333  333    0  333  333  333  333  333   90  324  274
  59  316  267    0    0  333  333  325  333    0   20    1
   0    3    0    0    0    0  246   26   82    0    0    0
   0    0    0    0    0   87    0    2   32    0    0    0
   0   66   22    0    8  307  331    0  250    0    0    0
   0   23    5    0    0  251  301   83    0    0    0    0
 332  333  333  243  333  333  333  333  333    0  330  308
 257  333  332    9  313  333  333  333  333    3    0   90
 315  333  333   59  332  333  333  333  333   25  243    0
Objective value: 3.183183183183182

TOTAL OBJECTIVE VALUE: 3.128
