Random seed: 12345

COMPONENT 1
Central permutation
10 9 5 7 4 2 8 1 12 3 11 6
Weight
0.25
Pairwise count matrix
   0   25  219    9    0  250    2   73    0    0  240  181
 225    0  247   65   10  250   29  173    1    0  249  242
  31    3    0    2    0  221    0    9    0    0  178   74
 241  185  248    0   33  250   74  222   11    2  250  248
 250  240  250  217    0  250  181  248   62   25  250  250
   0    0   29    0    0    0    0    1    0    0   71   11
 248  221  250  176   69  250    0  240   32    9  250  250
 177   77  241   28    2  249   10    0    0    0  249  219
 250  249  250  239  188  250  218  250    0   70  250  250
 250  250  250  248  225  250  241  250  180    0  250  250
  10    1   72    0    0  179    0    1    0    0    0   35
  69    8  176    2    0  239    0   31    0    0  215    0
Objective value: 4.712000000000003

COMPONENT 2
Central permutation
5 7 12 11 4 6 3 2 10 9 8 1
Weight
0.25
Pairwise count matrix
   0    3    0    0    0    0    0   81   32    9    0    0
 247    0   74   12    0   30    0  245  228  176    2    0
 250  176    0   25    0   66    0  249  240  204    7    1
 250  238  225    0    2  171    8  250  250  248   71   19
 250  250  250  248    0  250  166  250  250  250  241  224
 250  220  184   79    0    0    3  249  250  238   37    8
 250  250  250  242   84  247    0  250  250  250  233  189
 169    5    1    0    0    1    0    0   72   27    0    0
 218   22   10    0    0    0    0  178    0   67    0    0
 241   74   46    2    0   12    0  223  183    0    0    0
 250  248  243  179    9  213   17  250  250  250    0   63
 250  250  249  231   26  242   61  250  250  250  187    0
Objective value: 4.671999999999997

COMPONENT 3
Central permutation
3 2 11 7 6 9 10 12 1 5 4 8
Weight
0.25
Pairwise count matrix
   0    0    0  221  182    2    0  240   11   21    0   59
 250    0   83  250  250  241  226  250  250  249  181  249
 250  167    0  250  250  249  239  250  250  250  215  250
  29    0    0    0   75    0    0  177    0    2    0    8
  68    0    0  175    0    0    0  215    2   10    0   30
 248    9    1  250  250    0   75  250  190  220   22  243
 250   24   11  250  250  175    0  250  225  235   59  248
  10    0    0   73   35    0    0    0    0    0    0    3
 239    0    0  250  248   60   25  250    0  180    4  225
 229    1    0  248  240   30   15  250   70    0    1  181
 250   69   35  250  250  228  191  250  246  249    0  250
 191    1    0  242  220    7    2  247   25   69    0    0
Objective value: 4.543999999999997

COMPONENT 4
Central permutation
10 8 4 5 12 1 7 6 9 3 11 2
Weight
0.25
Pairwise count matrix
   0  250  249   12   29  225  182    1  237    0  249   77
   0    0   33    0    0    3    0    0   17    0   77    0
   1  217    0    0    0   27   12    0   72    0  169    0
 238  250  250    0  170  250  246   65  250   39  250  214
 221  250  250   80    0  250  241   22  250   11  250  187
  25  247  223    0    0    0   60    0  181    0  239    6
  68  250  238    4    9  190    0    0  218    0  247   26
 249  250  250  185  228  250  250    0  250   82  250  246
  13  233  178    0    0   69   32    0    0    0  222    7
 250  250  250  211  239  250  250  168  250    0  250  246
   1  173   81    0    0   11    3    0   28    0    0    0
 173  250  250   36   63  244  224    4  243    4  250    0
Objective value: 4.840000000000003

TOTAL OBJECTIVE VALUE: 4.692
