/Users/juande/Desktop/Doctorado/MLOP/Documents/models/../inputs/R11.dat
n: 12
g: 2

GROUP 1
Ranking
12 2 6 5 4 9 7 3 1 8 10 11 
Weight
0.602
Matrix
   0.000    0.001    0.176    0.033    0.027    0.000    0.000    0.404    0.014    0.504    0.547    0.000 
   0.601    0.000    0.550    0.578    0.550    0.504    0.601    0.535    0.602    0.602    0.602    0.055 
   0.426    0.052    0.000    0.000    0.000    0.000    0.095    0.602    0.071    0.572    0.573    0.125 
   0.569    0.024    0.602    0.000    0.000    0.099    0.492    0.602    0.406    0.589    0.602    0.010 
   0.575    0.052    0.602    0.602    0.000    0.195    0.549    0.602    0.492    0.600    0.594    0.042 
   0.602    0.098    0.602    0.503    0.407    0.000    0.602    0.571    0.556    0.602    0.571    0.051 
   0.602    0.001    0.507    0.110    0.053    0.000    0.000    0.560    0.097    0.568    0.573    0.002 
   0.198    0.067    0.000    0.000    0.000    0.031    0.042    0.000    0.020    0.512    0.602    0.075 
   0.588    0.000    0.531    0.196    0.110    0.046    0.505    0.582    0.000    0.602    0.483    0.000 
   0.098    0.000    0.030    0.013    0.002    0.000    0.034    0.090    0.000    0.000    0.385    0.000 
   0.055    0.000    0.029    0.000    0.008    0.031    0.029    0.000    0.119    0.217    0.000    0.000 
   0.602    0.547    0.477    0.592    0.560    0.551    0.600    0.527    0.602    0.602    0.602    0.000 
Objective value: 5.01938


GROUP 2
Ranking
9 11 2 12 8 3 4 5 1 7 10 6 
Weight
0.398
Matrix
   0.000    0.001    0.116    0.022    0.018    0.375    0.254    0.000    0.009    0.334    0.000    0.000 
   0.397    0.000    0.363    0.382    0.363    0.334    0.398    0.354    0.049    0.398    0.118    0.398 
   0.282    0.035    0.000    0.302    0.292    0.392    0.398    0.132    0.047    0.378    0.000    0.082 
   0.376    0.016    0.096    0.000    0.343    0.398    0.325    0.003    0.000    0.390    0.014    0.007 
   0.380    0.035    0.106    0.055    0.000    0.398    0.363    0.063    0.000    0.396    0.000    0.027 
   0.023    0.064    0.006    0.000    0.000    0.000    0.000    0.000    0.000    0.155    0.000    0.033 
   0.144    0.000    0.000    0.073    0.035    0.398    0.000    0.000    0.064    0.376    0.000    0.002 
   0.398    0.044    0.266    0.395    0.335    0.398    0.398    0.000    0.014    0.338    0.010    0.049 
   0.389    0.349    0.351    0.398    0.398    0.398    0.334    0.384    0.000    0.398    0.320    0.373 
   0.064    0.000    0.020    0.008    0.002    0.243    0.022    0.060    0.000    0.000    0.000    0.000 
   0.398    0.280    0.398    0.384    0.398    0.398    0.398    0.388    0.078    0.398    0.000    0.288 
   0.398    0.000    0.316    0.391    0.371    0.365    0.396    0.349    0.025    0.398    0.110    0.000 
Objective value: 5.42043


Total objective value: 5.179

/Users/juande/Desktop/Doctorado/MLOP/Documents/models/../inputs/sushi.dat
n: 10
g: 2

GROUP 1
Ranking
8 3 6 1 2 5 4 9 7 10 
Weight
0.6576
Matrix
   0.000    0.525    0.093    0.637    0.532    0.149    0.658    0.000    0.614    0.658 
   0.132    0.000    0.088    0.570    0.514    0.143    0.658    0.000    0.572    0.658 
   0.565    0.570    0.000    0.658    0.562    0.540    0.658    0.000    0.658    0.658 
   0.021    0.088    0.000    0.000    0.121    0.063    0.623    0.000    0.501    0.658 
   0.125    0.144    0.096    0.537    0.000    0.140    0.588    0.000    0.529    0.658 
   0.508    0.514    0.117    0.595    0.517    0.000    0.658    0.000    0.593    0.658 
   0.000    0.000    0.000    0.034    0.069    0.000    0.000    0.000    0.013    0.658 
   0.658    0.658    0.658    0.658    0.658    0.658    0.658    0.000    0.658    0.658 
   0.044    0.086    0.000    0.157    0.129    0.065    0.644    0.000    0.000    0.658 
   0.000    0.000    0.000    0.000    0.000    0.000    0.000    0.000    0.000    0.000 
Objective value: 3.21959


GROUP 2
Ranking
10 7 9 4 5 2 1 6 3 8 
Weight
0.3424
Matrix
   0.000    0.000    0.342    0.000    0.000    0.342    0.057    0.289    0.000    0.187 
   0.342    0.000    0.342    0.000    0.000    0.342    0.032    0.284    0.000    0.099 
   0.000    0.000    0.000    0.021    0.000    0.000    0.104    0.257    0.067    0.212 
   0.342    0.342    0.321    0.000    0.342    0.342    0.000    0.226    0.000    0.112 
   0.342    0.342    0.342    0.000    0.000    0.342    0.000    0.284    0.000    0.005 
   0.000    0.000    0.342    0.000    0.000    0.000    0.012    0.295    0.000    0.093 
   0.285    0.310    0.238    0.342    0.342    0.330    0.000    0.179    0.342    0.000 
   0.054    0.058    0.085    0.116    0.058    0.047    0.164    0.000    0.163    0.225 
   0.342    0.342    0.275    0.342    0.342    0.342    0.000    0.180    0.000    0.163 
   0.155    0.243    0.131    0.231    0.338    0.249    0.342    0.117    0.179    0.000 
Objective value: 6.23715


Total objective value: 4.2528

