inputs/todos.dat
n: 10
g: 1

GROUP PERMUTATION 1
Ranking
8 3 6 1 2 5 4 9 7 10 
Weight
1
Matrix
   0  525  435  637  532  492  715  289  614  845 
 475    0  430  570  514  486  690  284  572  757 
 565  570    0  679  562  540  762  257  725  869 
 363  430  321    0  463  405  623  226  501  769 
 468  486  438  537    0  483  588  284  529  662 
 508  514  460  595  517    0  670  295  593  751 
 285  310  238  377  412  330    0  179  356  658 
 711  716  743  774  716  705  821    0  820  883 
 386  428  275  499  471  407  644  180    0  821 
 155  243  131  231  338  249  342  117  179    0 
Objective value: 15.3896


Total objective value: 15.3896

inputs/todos.dat
n: 10
g: 2

GROUP PERMUTATION 1
Ranking
8 3 6 1 2 5 4 9 7 10 
Weight
0.6576
Matrix
   0  525   93  637  532  149  658    0  614  658 
 132    0   88  570  514  143  658    0  572  658 
 565  570    0  658  562  540  658    0  658  658 
  21   88    0    0  121   63  623    0  501  658 
 125  144   96  537    0  140  588    0  529  658 
 508  514  117  595  517    0  658    0  593  658 
   0    0    0   34   69    0    0    0   13  658 
 658  658  658  658  658  658  658    0  658  658 
  44   86    0  157  129   65  644    0    0  658 
   0    0    0    0    0    0    0    0    0    0 
Objective value: 3.21959


GROUP PERMUTATION 2
Ranking
10 7 9 4 5 2 1 6 3 8 
Weight
0.3424
Matrix
   0    0  342    0    0  342   57  289    0  187 
 342    0  342    0    0  342   32  284    0   99 
   0    0    0   21    0    0  104  257   67  212 
 342  342  321    0  342  342    0  226    0  112 
 342  342  342    0    0  342    0  284    0    5 
   0    0  342    0    0    0   12  295    0   93 
 285  310  238  342  342  330    0  179  342    0 
  54   58   85  116   58   47  164    0  163  225 
 342  342  275  342  342  342    0  180    0  163 
 155  243  131  231  338  249  342  117  179    0 
Objective value: 6.23715


Total objective value: 4.2528

inputs/todos.dat
n: 10
g: 3

GROUP PERMUTATION 1
Ranking
8 9 4 5 2 1 6 3 7 10 
Weight
0.4382
Matrix
   0    0  435   75    0  438  438   33   52  438 
 438    0  430    8    0  438  438   30   10  432 
   3    8    0  117    0    0  438   14  163  438 
 363  430  321    0  438  405  408    0    0  438 
 438  438  438    0    0  438  385   30    0  378 
   0    0  438   33    0    0  438   36   31  428 
   0    0    0   30   53    0    0    0   17  375 
 406  408  424  438  408  402  438    0  438  438 
 386  428  275  438  438  407  421    0    0  438 
   0    7    0    0   61   10   63    0    0    0 
Objective value: 2.01741


GROUP PERMUTATION 2
Ranking
8 7 3 6 1 2 5 4 9 10 
Weight
0.3302
Matrix
   0  309    0  330  313   32   45   24  330  330 
  21    0    0  330  302   28   20   23  330  325 
 330  330    0  330  330  318   92   11  330  330 
   0    0    0    0   15    0    0    0  294  330 
  17   28    0  316    0   26    0   23  311  285 
 299  302   13  330  304    0    0   27  330  323 
 285  310  238  330  330  330    0    0  330  283 
 306  308  319  330  308  303  330    0  330  330 
   0    0    0   36   19    0    0    0    0  330 
   0    5    0    0   46    8   48    0    0    0 
Objective value: 1.8326


GROUP PERMUTATION 3
Ranking
10 3 6 1 2 5 4 9 7 8 
Weight
0.2316
Matrix
   0  217    0  232  219   22  232  232  232   76 
  15    0    0  232  212   20  232  232  232    0 
 232  232    0  232  232  223  232  232  232  101 
   0    0    0    0   10    0  216  226  206    1 
  12   20    0  221    0   18  203  232  218    0 
 210  212    9  232  213    0  232  232  232    0 
   0    0    0   16   28    0    0  179    9    0 
   0    0    0    5    0    0   53    0   52  114 
   0    0    0   25   14    0  223  180    0   52 
 155  232  131  231  232  232  232  117  179    0 
Objective value: 2.9052


Total objective value: 2.162

inputs/todos.dat
n: 10
g: 4

GROUP PERMUTATION 1
Ranking
8 3 9 4 6 1 2 7 10 5 
Weight
0.4072
Matrix
   0  407   14   44  407    5  407    3   21  407 
   0    0   10    0  407    0  406    0    0  375 
 394  397    0  400  407  377  407    0  407  407 
 363  407    7    0  407  405  407   24   12  407 
   0    0    0    0    0    0    0    0    0   69 
 402  407   31    2  407    0  394    6    0  371 
   0    1    0    0  407   13    0    1   28  374 
 405  407  407  383  407  401  406    0  406  407 
 386  407    0  395  407  407  379    1    0  406 
   0   33    0    0  338   36   33    0    1    0 
Objective value: 0.97014


GROUP PERMUTATION 2
Ranking
8 5 7 2 1 6 4 9 3 10 
Weight
0.3086
Matrix
   0    7  309  309   11  309   23    2  309  309 
 302    0  309  297    0  309    0    0  298  284 
   0    0    0    0   30    0   70    0   34  309 
   0   12  309    0   29    0   29   18  309  309 
 297  309  278  279    0  307  306    0  275  309 
   0    0  309  309    2    0    0    5  309  282 
 285  309  238  280    2  309    0    1  309  284 
 307  309  309  290  309  304  308    0  308  309 
   0   11  275    0   33    0    0    1    0  308 
   0   25    0    0    0   27   25    0    1    0 
Objective value: 1.2928


GROUP PERMUTATION 3
Ranking
5 10 3 2 1 6 4 9 7 8 
Weight
0.177
Matrix
   0    4    6  177    7  177  177  177  177   22 
 173    0    4  170    0  177  177  177  171    0 
 171  173    0  174   17  164  177  160  177   46 
   0    7    3    0   17    0  177  177  177   33 
 170  177  160  160    0  176  176  177  158  177 
   0    0   13  177    1    0  171  177  177    0 
   0    0    0    0    1    6    0  177   12    0 
   0    0   17    0    0    0    0    0    0   60 
   0    6    0    0   19    0  165  177    0    0 
 155  177  131  144    0  177  177  117  177    0 
Objective value: 1.70858


GROUP PERMUTATION 4
Ranking
6 1 2 3 5 8 9 10 7 4 
Weight
0.1072
Matrix
   0  107  107  107  107    1  107  107  107  107 
   0    0  107  103  107    0  107  107  103   99 
   0    0    0  105  107    0  107   97  107  107 
   0    4    2    0   10    0   10    6    3   20 
   0    0    0   97    0    0  106  107   96  107 
 106  107  107  107  107    0  104  107  107   98 
   0    0    0   97    1    3    0    0    7    0 
   0    0   10  101    0    0  107    0  107  107 
   0    4    0  104   12    0  100    0    0  107 
   0    9    0   87    0    9  107    0    0    0 
Objective value: 1.06141


Total objective value: 1.2102

inputs/todos.dat
n: 10
g: 5

GROUP PERMUTATION 1
Ranking
8 5 6 2 1 4 3 9 7 10 
Weight
0.3294
Matrix
   0    0  329  329    3    3  329    2  329  324 
 329    0  329  328    0    0  329    0  329  329 
   0    0    0    8    0    0  307    0  316  319 
   0    2  321    0   20   10  329   17  322  329 
 327  329  329  309    0  329  329    0  304  329 
 327  329  329  319    0    0  327    5  318  327 
   0    0   22    0    0    2    0    0   15  329 
 327  329  329  312  329  324  329    0  329  323 
   0    0   13    8   25   11  314    0    0  329 
   5    0   11    0    0    3    0    6    0    0 
Objective value: 0.58375


GROUP PERMUTATION 2
Ranking
8 9 3 4 1 2 6 10 7 5 
Weight
0.2444
Matrix
   0  243    2   15  244  244  244    2    0  241 
   1    0    0    0  238  243  244    0    0  244 
 242  244    0  244  241  232  228    0    0  236 
 230  244    0    0  244  244  244   13    0  244 
   0    7    3    0    0    5    9    0    0    5 
   0    1   13    0  239    0  243    4    0  242 
   0    0   17    0  235    2    0    0   11    2 
 243  244  244  232  244  241  244    0  244  240 
 244  244  244  244  244  244  233    0    0  244 
   4    0    8    0  239    2  242    4    0    0 
Objective value: 0.53037


GROUP PERMUTATION 3
Ranking
7 3 6 1 4 9 2 5 8 10 
Weight
0.1832
Matrix
   0  182    2  183  183    2   22  183  183  180 
   1    0    0    0  178    0    8  183    0  183 
 182  183    0  183  181  174    0  166  176  177 
   0  183    0    0  183    6   21  183  179  183 
   0    5    3    0    0    4    7  183    0  183 
 182  183    9  178  179    0    0  183  177  182 
 161  175  183  162  176  183    0  179  183  183 
   0    0   18    0    0    0    5    0    3  180 
   0  183    7    4  183    6    0  180    0  183 
   3    0    6    0    0    2    0    3    0    0 
Objective value: 0.80232


GROUP PERMUTATION 4
Ranking
8 3 5 7 10 2 9 4 1 6 
Weight
0.142
Matrix
   0    0    1    9    1  142   17    1    0    0 
 142    0    0  141    0  141    7    0  142    0 
 141  142    0  142  140  135  132    0  136  137 
 133    1    0    0    9  142   17    7    0    7 
 141  142    2  133    0  142  142    0  131  142 
   0    1    7    0    0    0    0    2    0    0 
 125  135   10  125    0  142    0    0  142  142 
 141  142  142  135  142  140  142    0  142  139 
 142    0    6  142   11  142    0    0    0   37 
 142  142    5  135    0  142    0    3  105    0 
Objective value: 1.12146


GROUP PERMUTATION 5
Ranking
1 10 2 6 5 3 8 9 7 4 
Weight
0.101
Matrix
   0  100  101  101  101  101  101  101  101   99 
   1    0  101  101   98  101  101  101  101    0 
   0    0    0  101    0    0   94   91   97    0 
   0    0    0    0    6    3   12    5    0    5 
   0    3  101   95    0    2  101  101   93    2 
   0    0  101   98   99    0  100  101   98    0 
   0    0    7   89    0    1    0    0    5    1 
   0    0   10   96    0    0  101    0  101    0 
   0    0    4  101    8    3   96    0    0   26 
   2  101  101   96   99  101  100  101   75    0 
Objective value: 1.05205


Total objective value: 0.7344

inputs/todos.dat
n: 10
g: 6

GROUP PERMUTATION 1
Ranking
8 3 1 4 9 7 5 10 2 6 
Weight
0.248
Matrix
   0  248    0  248  246  248  248    0  246  248 
   0    0    0    0    1  247   14    0    0    5 
 248  248    0  248  248  243  248    1  248  244 
   0  248    0    0  244  247  245   16  248  238 
   2  247    0    4    0  245    4    0    0  248 
   0    1    5    1    3    0    0    2    0    0 
   0  234    0    3  244  248    0    2    0  247 
 248  248  247  232  248  246  246    0  245  248 
   2  248    0    0  248  248  248    3    0  248 
   0  243    4   10    0  248    1    0    0    0 
Objective value: 0.34672


GROUP PERMUTATION 2
Ranking
8 3 6 2 9 4 10 5 7 1 
Weight
0.223
Matrix
   0    0    0   11    0    1   14    0    0   68 
 223    0    0  214  223    0  223    0  215  223 
 223  223    0  223  223  218  223    1  223  220 
 212    9    0    0  219    0  221   15    0  214 
 223    0    0    4    0    0  223    0    0    2 
 222  223    5  223  223    0  223    2  223  223 
 209    0    0    2    0    0    0    2    0    0 
 223  223  222  208  223  221  221    0  221  223 
 223    8    0  223  223    0  223    2    0  223 
 155    0    3    9  221    0  223    0    0    0 
Objective value: 0.71347


GROUP PERMUTATION 3
Ranking
6 2 1 7 5 4 3 9 8 10 
Weight
0.1714
Matrix
   0    0  167  171  170    1  171  171  170  171 
 171    0  165  165  171    0  171  169  165  171 
   5    7    0    5    4    0   30  171  171  169 
   0    7  166    0    0    0    0  171  171  165 
   1    0  168  171    0    0    3  169  171  171 
 170  171  171  171  171    0  171  171  171  171 
   0    0  142  171  168    0    0  171  165  171 
   0    3    0    0    3    0    0    0    0  171 
   1    6    0    0    0    0    6  171    0  171 
   0    0    3    7    0    0    1    0    0    0 
Objective value: 0.53784


GROUP PERMUTATION 4
Ranking
8 5 9 4 1 2 6 3 7 10 
Weight
0.1592
Matrix
   0  159  155    8    0  159  159    0    0  159 
   0    0  153    0    1  158  159    0    0  159 
   4    6    0    5    3    0  159    1    1  157 
 151  159  155    0    0  158  157   11    0  153 
 159  158  156  159    0  157  159    0  159  159 
   0    1  159    1    2    0  159    2    0  159 
   0    0    0    2    0    0    0    1    0  159 
 159  159  158  149  159  158  158    0  158  159 
 159  159  158  159    0  159  159    2    0  159 
   0    0    2    6    0    0    1    0    0    0 
Objective value: 0.37322


GROUP PERMUTATION 5
Ranking
6 1 2 10 5 8 7 9 3 4 
Weight
0.1172
Matrix
   0  117  114  117  116    1  117  117  116  117 
   0    0  113  113  117    0  117  115  113  117 
   3    5    0  117    3    0   20    1    1    0 
   0    5    0    0    0    0    0    8    0    0 
   1    0  115  117    0    0  117  115  117    1 
 116  117  117  117  117    0  117  117  117  117 
   0    0   97  117    0    0    0    1  113    0 
   0    2  117  109    2    0  116    0  116    0 
   1    4  117  117    0    0    4    1    0   11 
   0    0  117  117  116    0  117  117  106    0 
Objective value: 0.62863


GROUP PERMUTATION 6
Ranking
3 8 5 7 2 1 6 10 4 9 
Weight
0.0812
Matrix
   0    0    0   81    0   81    5    0   81   81 
  81    0    0   78    0   81    5    0   78   81 
  81   81    0   81   81   79   81   81   81   80 
   0    3    0    0    0    0    0    5   81    0 
  81   81    0   81    0   80   81    0   81   81 
   0    0    2   81    1    0    0    1   81   81 
  76   77    0   81    0   81    0    1   78   81 
  81   81    0   76   81   80   80    0   80   81 
   1    3    0    0    0    0    3    1    0    8 
   0    0    1   81    0    0    0    0   73    0 
Objective value: 0.49549


Total objective value: 0.5106

inputs/todos.dat
n: 10
g: 7

GROUP PERMUTATION 1
Ranking
3 8 1 6 2 4 9 10 7 5 
Weight
0.2236666667
Matrix
   0  224    0  224  224  222  224    1  224  224 
   0    0    0  223  224    5  224    0  224  224 
 224  224    0  224  223  224  224  224  223  221 
   0    1    0    0  220    3  224    3  224  224 
   0    0    1    4    0    3    0    0    0    4 
   2  219    0  221  220    0  217    3  220  223 
   0    0    0    0  224    6    0    0    3    1 
 223  224    0  220  224  220  224    0  209  224 
   0    0    1    0  224    3  221   15    0  224 
   0    0    2    0  219    1  222    0    0    0 
Objective value: 0.28075


GROUP PERMUTATION 2
Ranking
2 5 6 1 8 3 7 10 9 4 
Weight
0.1975
Matrix
   0    0  197  198    3    0  198  198  198  198 
 198    0  195  197  198  198  198  197  198  198 
   0    2    0  198    0    3  198    0  197  195 
   0    1    0    0    0    2    2    3    0    0 
 195    0  198  198    0  198  196  197  198  198 
 198    0  195  195    0    0  192  198  194  197 
   0    0    0  195    1    6    0    0  198  198 
   0    1  197  194    1    0  198    0  184  198 
   0    0    1  198    0    3    0   13    0   18 
   0    0    2  198    0    0    0    0  179    0 
Objective value: 0.3223


GROUP PERMUTATION 3
Ranking
8 6 3 1 5 9 4 2 7 10 
Weight
0.1808666667
Matrix
   0  181    0  181  181    0  181    1  181  181 
   0    0    0    0    2    4  181    0    0  181 
 181  181    0  181  180    2  181    0  180  179 
   0  181    0    0    0    2  181    3    0  181 
   0  179    1  181    0    3  180    0  181  181 
 181  177  178  179  178    0  176    3  178  180 
   0    0    0    0    1    5    0    0    2  181 
 180  181  181  178  181  178  181    0  169  181 
   0  181    1  181    0    3  179   12    0  181 
   0    0    2    0    0    0    0    0    0    0 
Objective value: 0.25912


GROUP PERMUTATION 4
Ranking
7 8 5 2 4 9 1 3 6 10 
Weight
0.1506333333
Matrix
   0    0  150    1    2  150   12    1    4  151 
 151    0  149  150    2  151    0    0  151  151 
   0    2    0   18    0  151    0    0    0  149 
 150    1  133    0    0  151    2    2  151  151 
 148  149  151  151    0  151    0    0  151  151 
   1    0    0    0    0    0    0    2    0  150 
 139  151  151  149  151  151    0  146  151  151 
 150  151  151  148  151  148    4    0  141  151 
 146    0  151    0    0  151    0   10    0  151 
   0    0    2    0    0    0    0    0    0    0 
Objective value: 0.43923


GROUP PERMUTATION 5
Ranking
4 8 3 9 5 7 10 2 6 1 
Weight
0.1264666667
Matrix
   0    0    0    1    2    0   10    1    4    3 
 126    0    0    0    1  126    0    0    0    2 
 126  126    0   15  126  126  126    0  126  125 
 126  126  111    0  124  126  126  126  126  126 
 125  125    1    2    0  126  126    0    0  126 
 126    0    0    0    0    0    0    2    0    0 
 116  126    0    0    1  126    0    0    1  126 
 126  126  126    0  126  125  126    0  118  126 
 123  126    1    0  126  126  125    8    0  126 
 123  124    1    0    0  126    0    0    0    0 
Objective value: 0.44528


GROUP PERMUTATION 6
Ranking
9 4 1 10 6 2 5 8 7 3 
Weight
0.08776666667
Matrix
   0   88   88    0   88   87   88   88    3   88 
   0    0   87    0   88    2   88   87    0    2 
   0    1    0   11    0    1    0    0    0    0 
  87   88   77    0   86   88   88   88    0   88 
   0    0   88    1    0    1   87   87    0    2 
   1   86   87    0   86    0   85   88    0    0 
   0    0   88    0    1    3    0    0    1    1 
   0    0   88    0    0    0   88    0    0    3 
  85   88   88   88   88   88   87   88    0   88 
   0   86   88    0   86   88   87   85    0    0 
Objective value: 0.37155


GROUP PERMUTATION 7
Ranking
9 10 3 7 8 1 4 6 5 2 
Weight
0.0331
Matrix
   0   33    0   33   33   33    3    0    1    1 
   0    0    0    0    0    1    0    0    0    1 
  33   33    0   33   33   33   33   33    0    0 
   0   33    0    0   33   33    0    1    0    0 
   0   33    0    1    0    1    0    0    0    1 
   0   32    0    0   33    0    0    0    0    0 
  30   33    0   33   33   33    0   32    0    0 
  33   33    0   33   33   33    1    0    0    1 
  32   33   33   33   33   33   33   33    0   33 
  32   33   33   33   32   33   33   32    0    0 
Objective value: 0.36856


Total objective value: 0.3406

inputs/todos.dat
n: 10
g: 8

GROUP PERMUTATION 1
Ranking
8 5 2 1 3 6 9 10 4 7 
Weight
0.2364666667
Matrix
   0    0  236  236    0  236  235    2  236  236 
 236    0  234  236    0  236  236    0  236  233 
   0    3    0  236    0  236  236    0  236  235 
   0    1    0    0    1    0  236    0    0    6 
 236  236  236  236    0  236  234    0  232  236 
   0    0    0  236    1    0  234    4  236  236 
   2    0    0    0    2    3    0    0    1    0 
 235  236  236  236  236  233  236    0  236  233 
   0    0    1  236    4    0  235    0    0  236 
   0    4    2  231    0    0  236    3    0    0 
Objective value: 0.16628


GROUP PERMUTATION 2
Ranking
6 3 1 2 5 7 8 4 10 9 
Weight
0.1780666667
Matrix
   0  176    0  178  178    2  177  178  178  178 
   2    0    0  177  177    0  178  178  178  175 
 178  178    0  178  177    0  178  161  178  177 
   0    1    0    0    1    0    0    0  175  178 
   0    1    1  177    0    0  176  178  175  178 
 176  178  178  178  178    0  176  178  178  178 
   1    0    0  178    2    2    0  178  178  178 
   0    0   17  178    0    0    0    0  178  176 
   0    0    1    3    3    0    0    0    0    0 
   0    3    1    0    0    0    0    2  178    0 
Objective value: 0.24616


GROUP PERMUTATION 3
Ranking
8 6 3 2 4 9 7 10 5 1 
Weight
0.1572666667
Matrix
   0    0    0   10    0    2    0    1    0    2 
 157    0    0  157  157    0  157    0  157  155 
 157  157    0  157  156    0  157    0  157  156 
 148    1    0    0  157    0  157    0  155  157 
 157    1    1    0    0    0    0    0    0    0 
 155  157  157  157  157    0  155    3  157  157 
 157    0    0    0  157    2    0    0    1  157 
 156  157  157  157  157  155  157    0  157  155 
 157    0    0    3  157    0  156    0    0  157 
 155    3    1    0  157    0    0    2    0    0 
Objective value: 0.20011


GROUP PERMUTATION 4
Ranking
8 1 7 5 4 9 10 2 6 3 
Weight
0.1244666667
Matrix
   0  123  124  124  124  124  124    1  124  124 
   2    0  123    0    0  124    5    0    0    0 
   0    1    0    0    0    0    5    0    0    0 
   0  124  124    0    1  118    0    0  122  124 
   0  124  124  124    0  124    0    0  122  124 
   0    0  124    7    0    0    0    2    6    0 
   1  120  119  124  124  124    0    0  124  124 
 124  124  124  124  124  122  124    0  124  123 
   0  124  124    2    2  118    0    0    0  124 
   0  124  124    0    0  124    0    2    0    0 
Objective value: 0.29843


GROUP PERMUTATION 5
Ranking
3 9 4 6 1 10 2 5 8 7 
Weight
0.1059333333
Matrix
   0  105    0    6  106    1  105  106    0  106 
   1    0    0    0  106    0  106  106    0    0 
 106  106    0  106  105  106  106   96  106  105 
 100  106    0    0  106  100  106  105    0  106 
   0    0    1    0    0    0  105  106    0    0 
 105  106    0    6  106    0  105  106    5  106 
   1    0    0    0    1    1    0    0    1    0 
   0    0   10    1    0    0  106    0    0    0 
 106  106    0  106  106  101  105  106    0  106 
   0  106    1    0  106    0  106  106    0    0 
Objective value: 0.35745


GROUP PERMUTATION 6
Ranking
8 1 9 7 4 2 3 10 6 5 
Weight
0.0746
Matrix
   0   74   75   75   75   75   74    0   75   75 
   1    0   74    0   74   75    3    0    0   73 
   0    1    0    0   74   75    3    0    0   74 
   0   75   74    0   75   71    0    0    0   75 
   0    0    0    0    0    0    0    0    0    0 
   0    0    0    4   75    0    0    1    4    0 
   1   72   72   74   75   75    0    0    0   75 
  74   75   75   75   75   73   75    0   75   74 
   0   75   75   75   75   71   74    0    0   74 
   0    1    1    0   75   75    0    1    0    0 
Objective value: 0.29494


GROUP PERMUTATION 7
Ranking
9 4 8 5 3 7 6 2 1 10 
Weight
0.07386666667
Matrix
   0    0    0    4    0    1    0    0    0   74 
  74    0    0    0    0    0    3    0    0   73 
  74   74    0    0    0   74   74    0    0   73 
  69   74   74    0   74   70   74   73    0   74 
  74   74   74    0    0   74   73    0    0   74 
  73   74    0    4    0    0    0    1    4   74 
  74   71    0    0    1   74    0    0    0   74 
  73   74   74    1   74   73   74    0    0   73 
  74   74   74   74   74   70   73   74    0   74 
   0    1    1    0    0    0    0    1    0    0 
Objective value: 0.31434


GROUP PERMUTATION 8
Ranking
4 8 7 3 9 1 5 2 10 6 
Weight
0.04933333333
Matrix
   0   49    0    3   49   49    0    0    0   49 
   1    0    0    0    0   49    2    0    0   49 
  49   49    0    0   49   49    2    0   49   49 
  46   49   49    0   49   47   49   49   49   49 
   0   49    0    0    0   49    0    0    0   49 
   0    0    0    3    0    0    0    1    2    0 
  49   47   47    0   49   49    0    0   49   49 
  49   49   49    1   49   49   49    0   49   49 
  49   49    0    1   49   47    0    0    0   49 
   0    1    0    0    0   49    0    1    0    0 
Objective value: 0.36102


Total objective value: 0.25267

inputs/todos.dat
n: 10
g: 9

GROUP PERMUTATION 1
Ranking
5 2 1 8 3 4 6 9 10 7 
Weight
0.1696333333
Matrix
   0    0  170  170    3  169  170  170  169  170 
 169    0  168  169    0  170  170  170  169  170 
   0    2    0  170    0  170  169    1  168  170 
   0    1    0    0    3  170  170    0  169  170 
 167  170  170  167    0  170  168  170  170  169 
   1    0    0    0    0    0  168    0  170  168 
   0    0    1    0    1    2    0    0    0    0 
   0    0  169  170    0  170  170    0  170  168 
   1    0    2    0    0    0  170    0    0  168 
   0    0    0    0    1    1  170    1    2    0 
Objective value: 0.13616


GROUP PERMUTATION 2
Ranking
3 8 1 7 5 2 9 6 4 10 
Weight
0.1414333333
Matrix
   0  141    0  141  141  141  141    2  141  141 
   0    0    0  141    0  141    3    1  141  141 
 141  141    0  141  141  141  141  141  140  141 
   0    1    0    0    2    1    0    0    0  141 
   0  141    1  139    0  141    0    1  141  141 
   1    0    0  140    0    0    0    0    0  140 
   0  139    1  141  141  141    0    0  141  141 
 140  141    0  141  141  141  141    0  141  140 
   1    0    2  141    0  141    0    0    0  140 
   0    0    0    0    1    1    0    1    1    0 
Objective value: 0.13828


GROUP PERMUTATION 3
Ranking
8 9 6 4 2 5 1 3 7 10 
Weight
0.1338666667
Matrix
   0    0  134    0    2    0  134    1    0  134 
 134    0  132    0  134    1  134    1    0  134 
   0    2    0    1    0    0  133    1    0  134 
 134  134  133    0  134    1  134    0    0  134 
 132    0  134    0    0    0  133    1    1  133 
 134  133  134  132  134    0  133    0    0  133 
   0    0    1    0    1    1    0    0    0  134 
 132  133  133  134  133  134  134    0  134  133 
 134  134  134  134  133  134  134    0    0  133 
   0    0    0    0    1    1    0    1    1    0 
Objective value: 0.13979


GROUP PERMUTATION 4
Ranking
4 8 3 6 9 1 2 5 7 10 
Weight
0.1180333333
Matrix
   0  118    0    0  118    0  118    1    0  118 
   0    0    0    0  118    1  118    1    0  118 
 118  118    0    1  117  118  118    1  117  118 
 118  118  117    0  118  118  118  117  118  118 
   0    0    1    0    0    0  117    1    1  117 
 118  117    0    0  118    0  117    0  118  117 
   0    0    0    0    1    1    0    0    0  118 
 117  117  117    2  117  118  118    0  118  117 
 118  118    1    0  117    0  118    0    0  117 
   0    0    0    0    1    1    0    1    1    0 
Objective value: 0.13457


GROUP PERMUTATION 5
Ranking
3 10 2 4 5 7 1 6 9 8 
Weight
0.1111
Matrix
   0    0    0    0    2  111    0  111  111   10 
 111    0    0  110  111  111  111  111  111    0 
 111  111    0  111  111  111  111  111  110  111 
 111    1    0    0  111  111  111  110  111    6 
 109    0    1    0    0  111  110  111  111    0 
   0    0    0    0    0    0    0  108  111    0 
 111    0    0    0    1  111    0  109  111    0 
   0    0    0    1    0    4    2    0    2    0 
   0    0    1    0    0    0    0  109    0    0 
 101  111    0  105  111  111  111  111  111    0 
Objective value: 0.29519


GROUP PERMUTATION 6
Ranking
6 8 7 3 1 5 4 9 2 10 
Weight
0.1032666667
Matrix
   0  103    0  103  103    0    0    1  103  103 
   0    0    0    0    0    1    2    0    0  103 
 103  103    0  103  103    0    0    1  102  103 
   0  103    0    0    2    1    0    0  103  103 
   0  103    1  101    0    0    0    0  103  103 
 103  103  103  102  103    0  102  100  103  102 
 103  101  103  103  103    1    0    0  103  103 
 102  103  103  103  103    3  103    0  103  103 
   0  103    1    0    0    0    0    0    0  102 
   0    0    0    0    1    1    0    1    1    0 
Objective value: 0.17825


GROUP PERMUTATION 7
Ranking
6 8 3 1 2 9 4 7 10 5 
Weight
0.09076666667
Matrix
   0   91    0   91   91    0   91    1   90   91 
   0    0    0   90   91    1   91    0   91   91 
  91   91    0   91   90    0   90    1   90   91 
   0    1    0    0   91    1   91    0    0   91 
   0    0    0    0    0    0    0    0    1    0 
  91   90   91   90   91    0   90   88   91   90 
   0    0    0    0   91    1    0    0    0   91 
  90   90   90   91   90    3   91    0   91   90 
   0    0    1   91   90    0   91    0    0   90 
   0    0    0    0   91    1    0    1    1    0 
Objective value: 0.15312


GROUP PERMUTATION 8
Ranking
9 7 8 1 10 6 5 4 2 3 
Weight
0.07146666667
Matrix
   0   71   71   71   71   71    0    1    0   71 
   0    0   71    0    0    0    1    0    0    0 
   0    1    0    1    0    0    0    0    0    1 
   0   71   71    0    1    1    0    0    0    4 
   0   71   71   70    0    0    0    0    1    0 
   0   71   71   71   71    0    0    0    0    0 
  71   70   71   71   71   71    0   70    0   71 
  71   71   71   71   71   71    2    0    1   71 
  71   71   71   71   71   71   71   70    0   71 
   0   71   71   68   71   71    0    0    1    0 
Objective value: 0.22613


GROUP PERMUTATION 9
Ranking
8 10 2 9 5 6 1 7 3 4 
Weight
0.06043333333
Matrix
   0    0   60   60    1    0   60    1    0    6 
  60    0   60   60   60   60   60    0   60    0 
   0    1    0   60    0    0    0    0    0    1 
   0    0    0    0    1    1    0    0    0    3 
  59    0   60   59    0   60   60    0    0    0 
  60    0   60   60    0    0   60    0    0    0 
   0    0   60   60    0    1    0    0    0    0 
  60   60   60   60   60   60   60    0   60   60 
  60    0   60   60   60   60   60    0    0    0 
  55   60   60   57   60   60   60    0   60    0 
Objective value: 0.27834


Total objective value: 0.17533

inputs/todos.dat
n: 10
g: 10

GROUP PERMUTATION 1
Ranking
8 3 1 4 9 6 7 2 10 5 
Weight
0.1785666667
Matrix
   0  178    0  179  179  174  178    1  179  179 
   1    0    0    0  179    0    0    0    0  179 
 178  179    0  177  177  177  177    0  179  179 
   0  179    1    0  177  178  179    0  178  179 
   0    0    1    1    0    0    0    0    0    0 
   5  179    1    1  179    0  178    0    0  179 
   1  179    2    0  179    0    0    0    0  177 
 178  179  179  178  179  179  179    0  178  179 
   0  179    0    0  179  179  179    1    0  179 
   0    0    0    0  179    0    2    0    0    0 
Objective value: 0.10409


GROUP PERMUTATION 2
Ranking
8 5 2 6 9 3 7 1 4 10 
Weight
0.1499
Matrix
   0    0    0  150    2    0    0    1    0  150 
 150    0  148  149    0  150  150    0  150  150 
 150    1    0  149    0    0  148    0    2  150 
   0    1    1    0    0    0    2    0    0  150 
 148  150  150  150    0  149  149    0  149  148 
 150    0  150  150    1    0  150    0  150  150 
 150    0    2  148    1    0    0    0    0  148 
 149  150  150  150  150  150  150    0  149  150 
 150    0  147  150    1    0  150    0    0  150 
   0    0    0    0    2    0    2    0    0    0 
Objective value: 0.12321


GROUP PERMUTATION 3
Ranking
3 8 6 2 4 9 5 10 1 7 
Weight
0.1370666667
Matrix
   0    0    0    0    2    0  136    1    0    2 
 137    0    0  137  137    0  137    0  137  137 
 137  137    0  136  136  136  136  137  137  137 
 137    1    1    0  136    0  137    0  137  137 
 136    0    1    1    0    0  136    0    0  135 
 137  137    1  137  137    0  137    0  137  137 
   1    0    1    0    1    0    0    0    0    0 
 136  137    0  137  137  137  137    0  137  137 
 137    0    0    0  137    0  137    0    0  137 
 135    0    0    0    2    0  137    0    0    0 
Objective value: 0.10552


GROUP PERMUTATION 4
Ranking
6 5 2 4 1 8 3 7 9 10 
Weight
0.1265
Matrix
   0    0  126    0    1    0  126  126  126  126 
 126    0  125  126    0    0  126  126  126  126 
   0    1    0    0    0    0  125    0  126  126 
 126    0  126    0    0    0  126  126  126  126 
 125  126  126  126    0    0  126  126  125  125 
 126  126  126  126  126    0  126  122  126  126 
   1    0    1    0    1    0    0    0  126  125 
   0    0  126    0    0    4  126    0  126  126 
   0    0    0    0    1    0    0    0    0  126 
   0    0    0    0    2    0    1    0    0    0 
Objective value: 0.12563


GROUP PERMUTATION 5
Ranking
1 3 5 10 9 4 2 7 6 8 
Weight
0.09893333333
Matrix
   0   99   99   99   99   96   98   99   99   99 
   0    0    0    0    0   99   99   99    0    3 
   0   99    0   98   98   98   98   99   99   99 
   0   99    1    0    0   98   99   99    0    0 
   0   99    1   99    0   98   98   99   98   98 
   3    0    1    1    1    0    0   96    0    0 
   1    0    1    0    0   99    0   99    0    0 
   0    0    0    0    0    3    0    0    0    2 
   0   99    0   99    1   99   99   99    0    0 
   0   96    0   99    1   99   99   97   99    0 
Objective value: 0.20053


GROUP PERMUTATION 6
Ranking
8 1 2 7 5 6 3 9 4 10 
Weight
0.09893333333
Matrix
   0   99   99   99   99   96   98    1   99   99 
   0    0   98   99   99   99   99    0   99   99 
   0    1    0   98    0    0    0    0   99   99 
   0    0    1    0    0    0    1    0    0   99 
   0    0   99   99    0   98    0    0   98   98 
   3    0   99   99    1    0    0    0   99   99 
   1    0   99   98   99   99    0    0   99   98 
  98   99   99   99   99   99   99    0   99   99 
   0    0    0   99    1    0    0    0    0   99 
   0    0    0    0    1    0    1    0    0    0 
Objective value: 0.11996


GROUP PERMUTATION 7
Ranking
9 8 4 3 1 10 2 5 6 7 
Weight
0.07843333333
Matrix
   0   78    0    0   78   76   78    0    0   78 
   0    0    0    0   78   78   78    0    0    2 
  78   78    0    0   78   78   78    0    1   78 
  78   78   78    0   78   78   78    0    0   78 
   0    0    0    1    0   78   78    0    0    0 
   2    0    1    0    0    0   78    0    0    0 
   0    0    1    0    0    0    0    0    0    0 
  78   78   78   78   78   78   78    0    0   78 
  78   78   77   78   78   78   78   78    0   78 
   0   76    0    0   78   78   78    0    0    0 
Objective value: 0.13618


GROUP PERMUTATION 8
Ranking
7 5 2 6 1 8 10 4 3 9 
Weight
0.0594
Matrix
   0    0   59   59    1    0    0   59   59   59 
  59    0   59   59    0   59    0   59   59   59 
   0    1    0    0    0    0    0    0   59    0 
   0    0   59    0    0    0    1    0   59    0 
  59   59   59   59    0   59    0   59   59   59 
  59    0   59   59    0    0    0   57   59   59 
  59   59   59   59   59   59    0   59   59   59 
   0    0   59   59    0    2    0    0   59   59 
   0    0    0    0    1    0    0    0    0    0 
   0    0   59   59    1    0    1    0   59    0 
Objective value: 0.13434


GROUP PERMUTATION 9
Ranking
8 7 1 9 10 4 3 6 5 2 
Weight
0.05126666667
Matrix
   0   51   51   51   51   50    0    0   51   51 
   0    0    0    0    0    0    0    0    0    1 
   0   51    0    0   51   51    0    0    1    0 
   0   51   51    0   51   51    1    0    0    0 
   0   51    0    0    0    0    0    0    0    0 
   1   51    0    0   51    0    0    0    0    0 
  51   51   51   51   51   51    0    0   51   51 
  51   51   51   51   51   51   51    0   51   51 
   0   51   50   51   51   51    0    0    0   51 
   0   50   51   51   51   51    1    0    0    0 
Objective value: 0.14397


GROUP PERMUTATION 10
Ranking
10 7 6 3 8 9 4 1 2 5 
Weight
0.021
Matrix
   0   21    0    0   21    0    0    0    0    0 
   0    0    0    0   21    0    0    0    0    1 
  21   21    0   21   21    0    0   21   21    0 
  21   21    0    0   21    0    0    0    0    0 
   0    0    0    0    0    0    0    0    0    0 
  21   21   21   21   21    0    0   20   21    0 
  21   21   21   21   21   21    0   21   21    0 
  21   21    0   21   21    1    0    0   21    0 
  21   21    0   21   21    0    0    0    0    0 
  21   20   21   21   21   21   21   21   21    0 
Objective value: 0.16217


Total objective value: 0.12857

