instance                           n     g    nswaps      it          obj_last          obj_best     runtime   run  starts
R1.dat                            12     1         1      20             7.697             7.697       0.199     1      10
R1.dat                            12     2         1      25             0.934             0.934       0.369     1      10
R1.dat                            12     3         1      36             0.611             0.611       0.810     3      10
R2.dat                            12     1         1      20            17.126            17.126       0.189     1      10
R2.dat                            12     2         1      23             0.900             0.900       0.337     1      10
R2.dat                            12     3         1      28             0.579             0.579       1.281     1      10
R1.dat                            12     4         1      33             0.357             0.357       1.596     6      10
R3.dat                            12     1         4      20            13.897            13.897       0.206     1      10
R3.dat                            12     2         4      27             2.837             2.837       0.424     1      10
R3.dat                            12     3         4      41             1.991             1.991       1.685     3      10
R2.dat                            12     4         1      34             0.308             0.308       2.874     6      10
R4.dat                            12     1         4      20            19.778            19.778       0.195     1      10
R4.dat                            12     2         4      29             2.790             2.790       0.528     1      10
R4.dat                            12     3         4      32             1.808             1.808       3.172     4      10
R5.dat                            12     1         7      20            12.594            12.594       0.188     1      10
R3.dat                            12     4         4      33             1.230             1.230       5.494     2      10
R5.dat                            12     2         7      28             4.071             4.071       0.436     1      10
R5.dat                            12     3         7      35             2.691             2.691       1.762     3      10
R6.dat                            12     1         7      20            15.786            15.786       0.187     1      10
R6.dat                            12     2         7      36             4.066             4.066       0.641     1      10
R4.dat                            12     4         4      34             1.184             1.184      11.402     1      10
R7.dat                            12     1         1      20            13.936            13.936       0.193     1      10
R6.dat                            12     3         7      39             2.828             2.828       5.539     2      10
R5.dat                            12     4         7      38             1.759             1.759      12.747     3      10
R7.dat                            12     2         1      30             5.510             5.510       0.445     2      10
R7.dat                            12     3         1      31             0.920             0.920       0.979     1      10
R8.dat                            12     1         1      20            18.598            18.598       0.206     1      10
R7.dat                            12     4         1      32             0.644             0.644       2.535     2      10
R8.dat                            12     2         1      31             5.377             5.377       0.595     1      10
R9.dat                            12     1         4      20            18.221            18.221       0.188     1      10
R9.dat                            12     2         4      31             5.329             5.329       0.536     1      10
R8.dat                            12     3         1      38             0.799             0.799       3.079     3      10
R6.dat                            12     4         7      37             1.484             1.484      15.636     8      10
R9.dat                            12     3         4      42             2.282             2.282       2.249     1      10
R10.dat                           12     1         4      20            18.930            18.930       0.195     1      10
R10.dat                           12     2         4      29             3.854             3.854       0.493     1      10
R8.dat                            12     4         1      32             0.582             0.582       8.497     5      10
R11.dat                           12     1         7      20            14.487            14.487       0.196     1      10
R10.dat                           12     3         4      33             2.330             2.330       2.405     3      10
R11.dat                           12     2         7      34             5.980             5.980       0.684     1      10
R11.dat                           12     3         7      43             3.127             3.127       2.786     5      10
R12.dat                           12     1         7      20            18.556            18.556       0.204     1      10
R9.dat                            12     4         4      41             1.663             1.663      13.586     2      10
R12.dat                           12     2         7      32             5.635             5.635       0.629     1      10
R12.dat                           12     3         7      46             3.712             3.712       4.965     3      10
R13.dat                           12     1         1      20            14.248            14.248       0.198     1      10
R10.dat                           12     4         4      41             1.583             1.583      17.295     5      10
R11.dat                           12     4         7      38             1.988             1.988      12.023     5      10
R13.dat                           12     2         1      37             4.604             4.604       0.534     1      10
R13.dat                           12     3         1      30             1.993             1.993       1.237     3      10
R14.dat                           12     1         1      20            15.480            15.480       0.210     1      10
R14.dat                           12     2         1      34             7.262             7.262       0.863     1      10
R13.dat                           12     4         1      35             0.878             0.878       4.709     2      10
R15.dat                           12     1         4      20            17.958            17.958       0.189     1      10
R15.dat                           12     2         4      41             5.770             5.770       0.684     1      10
R14.dat                           12     3         1      32             2.810             2.810       6.750     1      10
R15.dat                           12     3         4      43             3.111             3.111       2.801     3      10
R16.dat                           12     1         4      20            15.920            15.920       0.196     1      10
R16.dat                           12     2         4      29             6.656             6.656       0.571     1      10
R16.dat                           12     3         4      41             3.056             3.056       5.859     1      10
R15.dat                           12     4         4      39             1.954             1.954      27.988     3      10
R17.dat                           12     1         7      20            17.196            17.196       0.203     1      10
R14.dat                           12     4         1      38             0.884             0.884      39.092     8      10
R17.dat                           12     2         7      36             5.882             5.882       0.679     1      10
R17.dat                           12     3         7      37             3.174             3.174       2.398     3      10
R18.dat                           12     1         7      20            23.354            23.354       0.196     1      10
R18.dat                           12     2         7      22             6.232             6.232       0.372     1      10
R18.dat                           12     3         7      26             2.952             2.952       3.456     3      10
R16.dat                           12     4         4      43             2.043             2.043      30.124     4      10
R19.dat                           24     1         3      20            46.139            46.139       1.040     1      10
R12.dat                           12     4         7      42             2.457             2.457      68.041     8      10
R19.dat                           24     2         3      26             2.710             2.710       2.419     1      10
R17.dat                           12     4         7      48             1.909             1.909      21.743     4      10
R20.dat                           24     1         3      20            67.674            67.674       1.087     1      10
R19.dat                           24     3         3      33             1.855             1.855      10.068     3      10
R20.dat                           24     2         3      25             2.694             2.694       3.364     1      10
R19.dat                           24     4         3      35             1.226             1.226      47.369     5      10
R21.dat                           24     1        14      20            53.280            53.280       1.063     1      10
R20.dat                           24     3         3      34             1.978             1.978      38.720     1      10
R21.dat                           24     2        14      27             8.681             8.681       3.179     1      10
R21.dat                           24     3        14      34             6.163             6.163      18.381     3      10
R22.dat                           24     1        14      20            62.898            62.898       1.065     1      10
R22.dat                           24     2        14      26             8.614             8.614       3.449     1      10
R18.dat                           12     4         7      39             2.044             2.044      85.695     5      10
R22.dat                           24     3        14      36             6.131             6.131      72.972     1      10
R23.dat                           24     1        28      20            47.354            47.354       1.073     1      10
R23.dat                           24     2        28      31            12.798            12.798       4.273     1      10
R23.dat                           24     3        28      40             9.281             9.281      34.717     4      10
R20.dat                           24     4         3      40             1.346             1.346     246.454     5      10
R24.dat                           24     1        28      20            77.828            77.828       1.070     1      10
R24.dat                           24     2        28      30            13.140            13.140       5.837     1      10
R21.dat                           24     4        14      47             4.653             4.653     334.230     2      10
R24.dat                           24     3        28      50            10.246            10.246     299.905     1      10
R25.dat                           24     1         3      20            54.391            54.391       1.056     1      10
R25.dat                           24     2         3      36            19.301            19.301       4.075     1      10
R25.dat                           24     3         3      35             2.519             2.519      18.058     9      10
R25.dat                           24     4         3      33             1.798             1.798     111.553     2      10
R26.dat                           24     1         3      20            81.495            81.495       1.185     1      10
R26.dat                           24     2         3      31            24.256            24.256      11.264     1      10
R26.dat                           24     3         3      33             2.656             2.656     294.819     3      10
R22.dat                           24     4        14      43             4.646             4.646    1021.062     8      10
R27.dat                           24     1        14      20            56.654            56.654       1.084     1      10
R27.dat                           24     2        14      38            22.462            22.462       5.450     1      10
R27.dat                           24     3        14      42             7.810             7.810      47.207     1      10
R23.dat                           24     4        28      47             6.644             6.644    1346.214     1      10
R28.dat                           24     1        14      20            78.161            78.161       1.162     1      10
R28.dat                           24     2        14      37            25.847            25.847      13.240     1      10
R27.dat                           24     4        14      46             5.820             5.820     799.976     2      10
R28.dat                           24     3        14      40             7.743             7.743     421.678     4      10
R29.dat                           24     1        28      20            59.617            59.617       1.096     1      10
R29.dat                           24     2        28      53            24.107            24.107       8.914     1      10
R29.dat                           24     3        28      45            11.421            11.421     110.437     1      10
R26.dat                           24     4         3      33             2.130             2.130    1324.345     5      10
R30.dat                           24     1        28      20            84.439            84.439       1.163     1      10
R30.dat                           24     2        28      32            26.467            26.467      11.486     1      10
R30.dat                           24     3        28      46            11.881            11.881    1040.334     3      10
R24.dat                           24     4        28      46             7.114             7.114    4476.086     5      10
R31.dat                           24     1         3      20            59.489            59.489       1.071     1      10
R31.dat                           24     2         3      37            19.119            19.119       4.854     1      10
R31.dat                           24     3         3      55             9.753             9.753      56.857     1      10
R31.dat                           24     4         3      40             2.501             2.501     404.909     5      10
R32.dat                           24     1         3      20            85.228            85.228       1.199     1      10
R32.dat                           24     2         3      31            31.036            31.036       7.330     1      10
R29.dat                           24     4        28      48             7.797             7.797    3590.632     5      10
R28.dat                           24     4        14      50             6.239             6.239    4294.687     5      10
R33.dat                           24     1        14      20            61.503            61.503       1.087     1      10
R33.dat                           24     2        14      45            23.072            23.072       7.497     1      10
R33.dat                           24     3        14      49            12.078            12.078     102.779     1      10
R32.dat                           24     3         3      34            10.090            10.090    2342.554     4      10
R34.dat                           24     1        14      20            80.738            80.738       1.216     1      10
R34.dat                           24     2        14      40            29.866            29.866      10.062     1      10
R30.dat                           24     4        28      50             9.129             9.129    6006.417     5      10
R33.dat                           24     4        14      51             7.004             7.004    3333.565     2      10
R35.dat                           24     1        28      20            73.511            73.511       1.117     1      10
R35.dat                           24     2        28      43            27.170            27.170       7.683     1      10
R32.dat                           24     4         3      39             2.266             2.266    4082.467     8      10
R35.dat                           24     3        28      49            15.209            15.209     205.099     3      10
R36.dat                           24     1        28      20            94.744            94.744       1.180     1      10
R36.dat                           24     2        28      28            30.046            30.046       7.154     1      10
R34.dat                           24     3        14      50            14.894            14.894    3935.548     4      10
R36.dat                           24     3        28      49            17.046            17.046    4661.581     3      10
R34.dat                           24     4        14      51             7.685             7.685    5644.305     8      10
R35.dat                           24     4        28      52            10.356            10.356    5899.167     4      10
R36.dat                           24     4        28      48            10.806            10.806    5609.650     8      10
