instance                           n     g    nswaps         obj       bound      gap%    sols       nodes    status     runtime
R1.dat                            12     1         1       7.697       7.697     0.000       3           1         2       0.005
R1.dat                            12     2         1       0.934       0.934     0.000       2           1         2       0.058
R2.dat                            12     1         1      17.126      17.126     0.000       2           1         2       0.005
R2.dat                            12     2         1       0.900       0.900     0.000       7           1         2       0.089
R1.dat                            12     3         1       0.611       0.611     0.000      10       14726         2       2.962
R3.dat                            12     1         4      13.897      13.897     0.000       2           1         2       0.005
R3.dat                            12     2         4       2.837       2.837     0.000       5         211         2       0.301
R2.dat                            12     3         1       0.579       0.579     0.000       6       29265         2       6.745
R1.dat                            12     4         1       0.357       0.357     0.000      10      185904         2      56.626
R4.dat                            12     1         4      19.778      19.778     0.000       3           1         2       0.005
R4.dat                            12     2         4       2.790       2.790     0.000       7         672         2       0.482
R2.dat                            12     4         1       0.308       0.308     0.000      10      165981         2      74.197
R4.dat                            12     3         4       1.808       1.808     0.000       7      417451         2     388.872
R5.dat                            12     1         7      12.594      12.594     0.000       2           1         2       0.005
R5.dat                            12     2         7       4.071       4.071     0.000       8        1608         2       1.030
R3.dat                            12     3         4       1.991       1.991     0.000      10     1779971         2    1049.893
R5.dat                            12     3         7       2.691       2.691     0.000      10     5738382         2    4932.007
R6.dat                            12     1         7      15.786      15.786     0.000       2           1         2       0.005
R6.dat                            12     2         7       4.066       4.066     0.000      10        5641         2       2.306
R3.dat                            12     4         4       1.230       0.590    52.011      10    22465217         9    7200.001
R4.dat                            12     4         4       1.061       0.589    44.452      10    17857245         9    7200.002
R7.dat                            12     1         1      13.936      13.936     0.000       3           1         2       0.005
R7.dat                            12     2         1       5.510       5.510     0.000       6        4294         2       3.708
R7.dat                            12     3         1       0.920       0.920     0.000       4       24843         2       8.381
R7.dat                            12     4         1       0.644       0.644     0.000      10      969003         2     359.966
R8.dat                            12     1         1      18.598      18.598     0.000       3           1         2       0.005
R8.dat                            12     2         1       5.377       5.377     0.000       8        1981         2       1.437
R8.dat                            12     3         1       0.799       0.799     0.000      10       33253         2      24.538
R5.dat                            12     4         7       1.762       0.514    70.856      10    22341488         9    7200.001
R9.dat                            12     1         4      18.221      18.221     0.000       3           1         2       0.005
R9.dat                            12     2         4       5.329       5.329     0.000       8        3361         2       3.911
R8.dat                            12     4         1       0.582       0.582     0.000      10     1418480         2     604.373
R9.dat                            12     3         4       2.282       2.282     0.000      10     1392964         2    2086.963
R10.dat                           12     1         4      18.930      18.930     0.000       2           1         2       0.005
R10.dat                           12     2         4       3.854       3.854     0.000       4        1525         2       1.266
R6.dat                            12     3         7       2.914       2.368    18.732      10     9947638         9    7200.002
R6.dat                            12     4         7       1.484       0.669    54.950      10    20505764         9    7200.001
R11.dat                           12     1         7      14.487      14.487     0.000       3           1         2       0.005
R11.dat                           12     2         7       5.980       5.980     0.000       6       15012         2       8.654
R9.dat                            12     4         4       1.663       0.548    67.047      10    19260521         9    7200.001
R10.dat                           12     3         4       2.330       1.852    20.496      10    24543318         9    7200.001
R12.dat                           12     1         7      18.556      18.556     0.000       3           1         2       0.005
R12.dat                           12     2         7       5.635       5.635     0.000      10        5459         2       5.647
R10.dat                           12     4         4       1.622       0.493    69.623      10    19727758         9    7200.001
R11.dat                           12     3         7       3.127       2.246    28.167      10    10168137         9    7200.002
R13.dat                           12     1         1      14.248      14.248     0.000       3           1         2       0.005
R13.dat                           12     2         1       4.604       4.604     0.000       8        1353         2       0.964
R13.dat                           12     3         1       1.993       1.993     0.000      10      527849         2     496.198
R11.dat                           12     4         7       2.020       0.538    73.369      10    25726005         9    7200.002
R14.dat                           12     1         1      15.480      15.480     0.000       3           1         2       0.005
R14.dat                           12     2         1       7.262       7.262     0.000      10       12737         2      10.425
R12.dat                           12     3         7       3.743       2.100    43.906      10     8594613         9    7200.003
R14.dat                           12     4         1       0.884       0.884     0.000      10     5761630         2    2065.294
R15.dat                           12     1         4      17.958      17.958     0.000       3           1         2       0.005
R15.dat                           12     2         4       5.770       5.770     0.000      10        7725         2       5.911
R12.dat                           12     4         7       2.457       0.421    82.862      10    20256882         9    7200.001
R13.dat                           12     4         1       0.878       0.878     0.000      10    13660391         2    5702.635
R16.dat                           12     1         4      15.920      15.920     0.000       3           1         2       0.006
R16.dat                           12     2         4       6.656       6.656     0.000       7       20916         2      15.941
R14.dat                           12     3         1       2.810       2.116    24.698      10    35581033         9    7200.002
R15.dat                           12     3         4       3.111       2.030    34.756      10     9202444         9    7200.001
R17.dat                           12     1         7      17.196      17.196     0.000       3           1         2       0.005
R17.dat                           12     2         7       5.882       5.882     0.000       5        7068         2       7.144
R15.dat                           12     4         4       1.928       0.422    78.106      10    22016710         9    7200.001
R16.dat                           12     3         4       3.136       2.216    29.339      10     8250622         9    7200.001
R18.dat                           12     1         7      23.354      23.354     0.000       2           1         2       0.005
R18.dat                           12     2         7       6.232       6.232     0.000       2       20029         2      19.120
R16.dat                           12     4         4       2.264       0.538    76.237      10    25466298         9    7200.002
R17.dat                           12     3         7       3.174       2.152    32.207      10     2938772         9    7200.002
R19.dat                           24     1         3      46.139      46.139     0.000       3           1         2       0.042
R19.dat                           24     2         3       2.710       2.710     0.000       2           1         2       1.865
R17.dat                           12     4         7       1.909       0.380    80.071      10    20339543         9    7200.001
R18.dat                           12     3         7       2.952       1.439    51.254      10    23354259         9    7200.001
R20.dat                           24     1         3      67.674      67.674     0.000       2           1         2       0.026
R20.dat                           24     2         3       2.694       2.694     0.000       7           1         2       2.810
R18.dat                           12     4         7       2.265       0.223    90.157      10    23195978         9    7200.002
R19.dat                           24     3         3       1.855       1.090    41.214       8      206345         9    7200.003
R21.dat                           24     1        14      53.280      53.280     0.000       2           1         2       0.053
R21.dat                           24     2        14       8.681       8.681     0.000      10        2370         2      66.027
R19.dat                           24     4         3       1.226       0.172    86.011      10      275706         9    7200.005
R20.dat                           24     3         3       2.004       1.584    20.955      10       56133         9    7200.003
R22.dat                           24     1        14      62.898      62.898     0.000       3           1         2       0.025
R22.dat                           24     2        14       8.614       8.614     0.000       9        1309         2      22.699
R20.dat                           24     4         3       1.346       0.113    91.626      10      293687         9    7200.004
R21.dat                           24     3        14       6.163       1.482    75.953      10      250016         9    7200.004
R23.dat                           24     1        28      47.354      47.354     0.000       2           1         2       0.053
R21.dat                           24     4        14       4.920       0.147    97.014      10      441575         9    7200.012
R23.dat                           24     2        28      12.798      12.798     0.000      10       20855         2     593.038
R22.dat                           24     3        14       6.131       2.521    58.876      10       66051         9    7200.014
R24.dat                           24     1        28      77.828      77.828     0.000       2           1         2       0.025
R24.dat                           24     2        28      13.140      13.140     0.000      10        4879         2     175.106
R22.dat                           24     4        14       4.506       0.069    98.469      10      346714         9    7200.006
R23.dat                           24     3        28       9.281       2.171    76.611      10       60524         9    7200.007
R25.dat                           24     1         3      54.391      54.391     0.000       3           1         2       0.052
R23.dat                           24     4        28       6.722       0.000   100.000      10      820882         9    7200.043
R25.dat                           24     2         3      19.301      19.301     0.000       5       20724         2     655.717
R24.dat                           24     3        28      10.246       1.928    81.178      10      280377         9    7200.005
R26.dat                           24     1         3      81.495      81.495     0.000       3           1         2       0.048
R26.dat                           24     2         3      24.256      24.256     0.000      10       25314         2    1741.894
R24.dat                           24     4        28       7.303       0.043    99.415      10      461059         9    7200.008
R25.dat                           24     3         3       2.519       1.728    31.395      10      103865         9    7200.007
R27.dat                           24     1        14      56.654      56.654     0.000       3           1         2       0.058
R25.dat                           24     4         3       2.354       0.109    95.358      10      155926         9    7200.003
R27.dat                           24     2        14      22.462      22.462     0.000       4       21742         2     738.862
R26.dat                           24     3         3       2.656       2.030    23.571      10       33557         9    7200.005
R28.dat                           24     1        14      78.161      78.161     0.000       3           1         2       0.051
R26.dat                           24     4         3       2.195       0.072    96.698      10       26171         9    7200.004
R27.dat                           24     3        14       7.810       2.337    70.082      10       44137         9    7200.004
R28.dat                           24     2        14      25.847      25.847     0.000      10       85229         2    5382.718
R29.dat                           24     1        28      59.617      59.617     0.000       3           1         2       0.056
R27.dat                           24     4        14       6.469       0.062    99.038      10      458340         9    7200.006
R29.dat                           24     2        28      24.107      24.107     0.000      10       25888         2     970.901
R28.dat                           24     3        14       7.775       1.153    85.172      10      185724         9    7200.006
R30.dat                           24     1        28      84.439      84.439     0.000       2           1         2       0.054
R28.dat                           24     4        14       6.330       0.032    99.491      10      195184         9    7200.010
R29.dat                           24     3        28      11.421       2.083    81.759      10       48835         9    7200.030
R29.dat                           24     4        28       9.656       0.001    99.993      10      581626         9    7200.004
R31.dat                           24     1         3      59.489      59.489     0.000       2           1         2       0.056
R31.dat                           24     2         3      19.119      19.119     0.000       7       20587         2     766.612
R30.dat                           24     2        28      26.467      25.910     2.104      10      121235         9    7200.003
R30.dat                           24     3        28      11.893       1.781    85.023      10       46800         9    7200.043
R32.dat                           24     1         3      85.228      85.228     0.000       3           1         2       0.026
R30.dat                           24     4        28       9.205       0.000   100.000      10      816361         9    7200.005
R32.dat                           24     2         3      31.036      31.036     0.000      10       23570         2     959.344
R31.dat                           24     3         3       9.753       2.208    77.364      10      101305         9    7200.006
R33.dat                           24     1        14      61.503      61.503     0.000       3           1         2       0.059
R31.dat                           24     4         3       2.501       0.106    95.758      10      300983         9    7200.005
R33.dat                           24     2        14      23.072      23.072     0.000      10       21092         2     818.005
R32.dat                           24     3         3      12.512       2.260    81.937      10       40491         9    7200.028
R34.dat                           24     1        14      80.738      80.738     0.000       2           1         2       0.026
R32.dat                           24     4         3       2.266       0.023    99.004      10       60967         9    7200.006
R34.dat                           24     2        14      29.866      29.866     0.000      10       31678         2    1541.533
R33.dat                           24     3        14      12.078       2.130    82.361      10       43912         9    7200.020
R35.dat                           24     1        28      73.511      73.511     0.000       2           1         2       0.057
R33.dat                           24     4        14       7.004       0.008    99.889      10      665497         9    7200.005
R35.dat                           24     2        28      27.170      27.170     0.000      10       37470         2    1399.318
R34.dat                           24     3        14      16.712       1.712    89.755      10       47943         9    7200.009
R36.dat                           24     1        28      94.744      94.744     0.000       2           1         2       0.027
R34.dat                           24     4        14       7.685       0.000    99.998      10      466001         9    7200.005
R35.dat                           24     3        28      15.209       1.794    88.207      10       51453         9    7200.033
R35.dat                           24     4        28      12.311       0.000   100.000      10      385670         9    7200.014
R36.dat                           24     2        28      30.046      28.870     3.915      10      152723         9    7200.003
R36.dat                           24     3        28      18.036       1.341    92.564      10       42880         9    7200.026
R36.dat                           24     4        28      10.824       0.000   100.000      10      374518         9    7200.004
